=~=~=~=~=~=~=~=~=~=~=~= PuTTY log 2023.04.19 18:42:49 =~=~=~=~=~=~=~=~=~=~=~=
34.63 C 0:0:1 0.37 0.00 0.00 0.00 0.00 0.00 0.00 0.00 0.00 0.00 0.00 0.00 0.00 0.00 0.00 0.00 0.00 0.00 0.00 0.00 sum_arr_integr: 0.37 coef pide: 0.02 0.00 0.00 0.37 0
34.63 C 0:0:2 0.37 0.37 0.00 0.00 0.00 0.00 0.00 0.00 0.00 0.00 0.00 0.00 0.00 0.00 0.00 0.p00 0.00 0.00 0.00 0.00 sum_arr_integr: 0.75 coef pide: 0.02 0.01 0.00 0.37 0

 pid on34.63 C 0:0:3 0.37 0.37 0.37 0.00 0.00 0.00 0.00 0.00 0.00 0.00 0.00 0.00 0.00 0.00 0.00 0.00 0.00 0.00 0.00 0.00 sum_arr_integr: 1.12 coef pide: 0.02 0.01 0.00 0.37 1
34.63 C 0:0:4 0.37 0.37 0.37 0.37 0.00 0.00 0.00 0.00 0.00 0.00 0.00 0.00 0.00 0.00 0.00 0.00 0.00 0.00 0.00 0.00 sum_arr_integr: 1.50 coef pide: 0.02 0.01 0.00 0.37 1
34.63 C 0:0:5 0.37 0.37 0.37 0.37 0.37 0.00 0.00 0.00 0.00 0.00 0.00 0.00 0.00 0.00 0.00 0.00 0.00 0.00 0.00 0.00 sum_arr_integr: 1.88 coef pide: 0.02 0.02 0.00 0.37 2
34.63 C 0:0:6 0.37 0.37 0.37 0.37 0.37 0.37 0.00 0.00 0.00 0.00 0.00 0.00 0.00 0.00 0.00 0.00 0.00 0.00 0.00 0.00 sum_arr_integr: 2.25 coef pide: 0.02 0.02 0.00 0.37 2
34.63 C 0:0:7 0.37 0.37 0.37 0.37 0.37 0.37 0.37 0.00 0.00 0.00 0.00 0.00 0.00 0.00 0.00 0.00 0.00 0.00 0.00 0.00 sum_arr_integr: 2.63 coef pide: 0.02 0.03 0.00 0.37 2
34.63 C 0:0:8 0.37 0.37 0.37 0.37 0.37 0.37 0.37 0.37 0.00 0.00 0.00 0.00 0.00 0.00 0.00 0.00 0.00 0.00 0.00 0.00 sum_arr_integr: 3.00 coef pide: 0.02 0.03 0.00 0.37 2
34.63 C 0:0:9 0.37 0.37 0.37 0.37 0.37 0.37 0.37 0.37 0.37 0.00 0.00 0.00 0.00 0.00 0.00 0.00 0.00 0.00 0.00 0.00 sum_arr_integr: 3.38 coef pide: 0.02 0.03 0.00 0.37 2
34.63 C 0:0:10 0.37 0.37 0.37 0.37 0.37 0.37 0.37 0.37 0.37 0.37 0.00 0.00 0.00 0.00 0.00 0.00 0.00 0.00 0.00 0.00 sum_arr_integr: 3.75 coef pide: 0.02 0.04 0.00 0.37 2
34.63 C 0:0:11 0.37 0.37 0.37 0.37 0.37 0.37 0.37 0.37 0.37 0.37 0.37 0.00 0.00 0.00 0.00 0.00 0.00 0.00 0.00 0.00 sum_arr_integr: 4.13 coef pide: 0.02 0.04 0.00 0.37 3
34.63 C 0:0:12 0.37 0.37 0.37 0.37 0.37 0.37 0.37 0.37 0.37 0.37 0.37 0.37 0.00 0.00 0.00 0.00 0.00 0.00 0.00 0.00 sum_arr_integr: 4.50 coef pide: 0.02 0.04 0.00 0.37 3
34.69 C 0:0:13 0.37 0.37 0.37 0.37 0.37 0.37 0.37 0.37 0.37 0.37 0.37 0.37 0.31 0.00 0.00 0.00 0.00 0.00 0.00 0.00 sum_arr_integr: 4.81 coef pide: 0.02 0.05 0.00 0.31 3
34.69 C 0:0:14 0.37 0.37 0.37 0.37 0.37 0.37 0.37 0.37 0.37 0.37 0.37 0.37 0.31 0.31 0.00 0.00 0.00 0.00 0.00 0.00 sum_arr_integr: 5.13 coef pide: 0.02 0.05 0.00 0.31 3
34.69 C 0:0:15 0.37 0.37 0.37 0.37 0.37 0.37 0.37 0.37 0.37 0.37 0.37 0.37 0.31 0.31 0.31 0.00 0.00 0.00 0.00 0.00 sum_arr_integr: 5.44 coef pide: 0.02 0.05 0.00 0.31 3
34.69 C 0:0:16 0.37 0.37 0.37 0.37 0.37 0.37 0.37 0.37 0.37 0.37 0.37 0.37 0.31 0.31 0.31 0.31 0.00 0.00 0.00 0.00 sum_arr_integr: 5.75 coef pide: 0.02 0.06 0.00 0.31 3
34.69 C 0:0:17 0.37 0.37 0.37 0.37 0.37 0.37 0.37 0.37 0.37 0.37 0.37 0.37 0.31 0.31 0.31 0.31 0.31 0.00 0.00 0.00 sum_arr_integr: 6.06 coef pide: 0.02 0.06 0.00 0.31 3
34.69 C 0:0:18 0.37 0.37 0.37 0.37 0.37 0.37 0.37 0.37 0.37 0.37 0.37 0.37 0.31 0.31 0.31 0.31 0.31 0.31 0.00 0.00 sum_arr_integr: 6.38 coef pide: 0.02 0.06 0.00 0.31 4
34.69 C 0:0:19 0.37 0.37 0.37 0.37 0.37 0.37 0.37 0.37 0.37 0.37 0.37 0.37 0.31 0.31 0.31 0.31 0.31 0.31 0.31 0.00 sum_arr_integr: 6.69 coef pide: 0.02 0.07 0.00 0.31 4
34.69 C 0:0:20 0.37 0.37 0.37 0.37 0.37 0.37 0.37 0.37 0.37 0.37 0.37 0.37 0.31 0.31 0.31 0.31 0.31 0.31 0.31 0.31 sum_arr_integr: 7.00 coef pide: 0.02 0.07 0.00 0.31 4
34.69 C 0:0:21 0.31 0.37 0.37 0.37 0.37 0.37 0.37 0.37 0.37 0.37 0.37 0.37 0.31 0.31 0.31 0.31 0.31 0.31 0.31 0.31 sum_arr_integr: 6.94 coef pide: 0.02 0.07 0.00 0.31 4
34.69 C 0:0:22 0.31 0.37 0.37 0.37 0.37 0.37 0.37 0.37 0.37 0.37 0.37 0.37 0.31 0.31 0.31 0.31 0.31 0.31 0.31 0.31 sum_arr_integr: 6.94 coef pide: 0.02 0.07 0.00 0.31 4
34.69 C 0:0:23 0.31 0.31 0.37 0.37 0.37 0.37 0.37 0.37 0.37 0.37 0.37 0.37 0.31 0.31 0.31 0.31 0.31 0.31 0.31 0.31 sum_arr_integr: 6.88 coef pide: 0.02 0.07 0.00 0.31 4
34.69 C 0:0:24 0.31 0.31 0.31 0.37 0.37 0.37 0.37 0.37 0.37 0.37 0.37 0.37 0.31 0.31 0.31 0.31 0.31 0.31 0.31 0.31 sum_arr_integr: 6.81 coef pide: 0.02 0.07 0.00 0.31 4
34.69 C 0:0:25 0.31 0.31 0.31 0.31 0.37 0.37 0.37 0.37 0.37 0.37 0.37 0.37 0.31 0.31 0.31 0.31 0.31 0.31 0.31 0.31 sum_arr_integr: 6.75 coef pide: 0.02 0.07 0.00 0.31 4
34.69 C 0:0:26 0.31 0.31 0.31 0.31 0.31 0.37 0.37 0.37 0.37 0.37 0.37 0.37 0.31 0.31 0.31 0.31 0.31 0.31 0.31 0.31 sum_arr_integr: 6.69 coef pide: 0.02 0.07 0.00 0.31 4
34.69 C 0:0:27 0.31 0.31 0.31 0.31 0.31 0.31 0.37 0.37 0.37 0.37 0.37 0.37 0.31 0.31 0.31 0.31 0.31 0.31 0.31 0.31 sum_arr_integr: 6.63 coef pide: 0.02 0.07 0.00 0.31 4
34.69 C 0:0:28 0.31 0.31 0.31 0.31 0.31 0.31 0.31 0.37 0.37 0.37 0.37 0.37 0.31 0.31 0.31 0.31 0.31 0.31 0.31 0.31 sum_arr_integr: 6.56 coef pide: 0.02 0.07 0.00 0.31 4
34.69 C 0:0:29 0.31 0.31 0.31 0.31 0.31 0.31 0.31 0.31 0.37 0.37 0.37 0.37 0.31 0.31 0.31 0.31 0.31 0.31 0.31 0.31 sum_arr_integr: 6.50 coef pide: 0.02 0.07 0.00 0.31 4
34.69 C 0:0:30 0.31 0.31 0.31 0.31 0.31 0.31 0.31 0.31 0.31 0.37 0.37 0.37 0.31 0.31 0.31 0.31 0.31 0.31 0.31 0.31 sum_arr_integr: 6.44 coef pide: 0.02 0.06 0.00 0.31 4
34.69 C 0:0:31 0.31 0.31 0.31 0.31 0.31 0.31 0.31 0.31 0.31 0.31 0.37 0.37 0.31 0.31 0.31 0.31 0.31 0.31 0.31 0.31 sum_arr_integr: 6.38 coef pide: 0.02 0.06 0.00 0.31 4
34.69 C 0:0:32 0.31 0.31 0.31 0.31 0.31 0.31 0.31 0.31 0.31 0.31 0.31 0.37 0.31 0.31 0.31 0.31 0.31 0.31 0.31 0.31 sum_arr_integr: 6.31 coef pide: 0.02 0.06 0.00 0.31 4
34.69 C 0:0:33 0.31 0.31 0.31 0.31 0.31 0.31 0.31 0.31 0.31 0.31 0.31 0.31 0.31 0.31 0.31 0.31 0.31 0.31 0.31 0.31 sum_arr_integr: 6.25 coef pide: 0.02 0.06 0.00 0.31 4
34.69 C 0:0:34 0.31 0.31 0.31 0.31 0.31 0.31 0.31 0.31 0.31 0.31 0.31 0.31 0.31 0.31 0.31 0.31 0.31 0.31 0.31 0.31 sum_arr_integr: 6.25 coef pide: 0.02 0.06 0.00 0.31 4
34.69 C 0:0:35 0.31 0.31 0.31 0.31 0.31 0.31 0.31 0.31 0.31 0.31 0.31 0.31 0.31 0.31 0.31 0.31 0.31 0.31 0.31 0.31 sum_arr_integr: 6.25 coef pide: 0.02 0.06 0.00 0.31 4
34.69 C 0:0:36 0.31 0.31 0.31 0.31 0.31 0.31 0.31 0.31 0.31 0.31 0.31 0.31 0.31 0.31 0.31 0.31 0.31 0.31 0.31 0.31 sum_arr_integr: 6.25 coef pide: 0.02 0.06 0.00 0.31 4
34.69 C 0:0:37 0.31 0.31 0.31 0.31 0.31 0.31 0.31 0.31 0.31 0.31 0.31 0.31 0.31 0.31 0.31 0.31 0.31 0.31 0.31 0.31 sum_arr_integr: 6.25 coef pide: 0.02 0.06 0.00 0.31 4
34.69 C 0:0:38 0.31 0.31 0.31 0.31 0.31 0.31 0.31 0.31 0.31 0.31 0.31 0.31 0.31 0.31 0.31 0.31 0.31 0.31 0.31 0.31 sum_arr_integr: 6.25 coef pide: 0.02 0.06 0.00 0.31 4
34.69 C 0:0:39 0.31 0.31 0.31 0.31 0.31 0.31 0.31 0.31 0.31 0.31 0.31 0.31 0.31 0.31 0.31 0.31 0.31 0.31 0.31 0.31 sum_arr_integr: 6.25 coef pide: 0.02 0.06 0.00 0.31 4
34.69 C 0:0:40 0.31 0.31 0.31 0.31 0.31 0.31 0.31 0.31 0.31 0.31 0.31 0.31 0.31 0.31 0.31 0.31 0.31 0.31 0.31 0.31 sum_arr_integr: 6.25 coef pide: 0.02 0.06 0.00 0.31 4
34.69 C 0:0:41 0.31 0.31 0.31 0.31 0.31 0.31 0.31 0.31 0.31 0.31 0.31 0.31 0.31 0.31 0.31 0.31 0.31 0.31 0.31 0.31 sum_arr_integr: 6.25 coef pide: 0.02 0.06 0.00 0.31 4
34.69 C 0:0:42 0.31 0.31 0.31 0.31 0.31 0.31 0.31 0.31 0.31 0.31 0.31 0.31 0.31 0.31 0.31 0.31 0.31 0.31 0.31 0.31 sum_arr_integr: 6.25 coef pide: 0.02 0.06 0.00 0.31 4
34.69 C 0:0:43 0.31 0.31 0.31 0.31 0.31 0.31 0.31 0.31 0.31 0.31 0.31 0.31 0.31 0.31 0.31 0.31 0.31 0.31 0.31 0.31 sum_arr_integr: 6.25 coef pide: 0.02 0.06 0.00 0.31 4
34.69 C 0:0:44 0.31 0.31 0.31 0.31 0.31 0.31 0.31 0.31 0.31 0.31 0.31 0.31 0.31 0.31 0.31 0.31 0.31 0.31 0.31 0.31 sum_arr_integr: 6.25 coef pide: 0.02 0.06 0.00 0.31 4
34.69 C 0:0:45 0.31 0.31 0.31 0.31 0.31 0.31 0.31 0.31 0.31 0.31 0.31 0.31 0.31 0.31 0.31 0.31 0.31 0.31 0.31 0.31 sum_arr_integr: 6.25 coef pide: 0.02 0.06 0.00 0.31 4
34.69 C 0:0:46 0.31 0.31 0.31 0.31 0.31 0.31 0.31 0.31 0.31 0.31 0.31 0.31 0.31 0.31 0.31 0.31 0.31 0.31 0.31 0.31 sum_arr_integr: 6.25 coef pide: 0.02 0.06 0.00 0.31 4
34.69 C 0:0:47 0.31 0.31 0.31 0.31 0.31 0.31 0.31 0.31 0.31 0.31 0.31 0.31 0.31 0.31 0.31 0.31 0.31 0.31 0.31 0.31 sum_arr_integr: 6.25 coef pide: 0.02 0.06 0.00 0.31 4
34.69 C 0:0:48 0.31 0.31 0.31 0.31 0.31 0.31 0.31 0.31 0.31 0.31 0.31 0.31 0.31 0.31 0.31 0.31 0.31 0.31 0.31 0.31 sum_arr_integr: 6.25 coef pide: 0.02 0.06 0.00 0.31 4
34.69 C 0:0:49 0.31 0.31 0.31 0.31 0.31 0.31 0.31 0.31 0.31 0.31 0.31 0.31 0.31 0.31 0.31 0.31 0.31 0.31 0.31 0.31 sum_arr_integr: 6.25 coef pide: 0.02 0.06 0.00 0.31 4
34.69 C 0:0:50 0.31 0.31 0.31 0.31 0.31 0.31 0.31 0.31 0.31 0.31 0.31 0.31 0.31 0.31 0.31 0.31 0.31 0.31 0.31 0.31 sum_arr_integr: 6.25 coef pide: 0.02 0.06 0.00 0.31 4
34.69 C 0:0:51 0.31 0.31 0.31 0.31 0.31 0.31 0.31 0.31 0.31 0.31 0.31 0.31 0.31 0.31 0.31 0.31 0.31 0.31 0.31 0.31 sum_arr_integr: 6.25 coef pide: 0.02 0.06 0.00 0.31 4
34.69 C 0:0:52 0.31 0.31 0.31 0.31 0.31 0.31 0.31 0.31 0.31 0.31 0.31 0.31 0.31 0.31 0.31 0.31 0.31 0.31 0.31 0.31 sum_arr_integr: 6.25 coef pide: 0.02 0.06 0.00 0.31 4
34.69 C 0:0:53 0.31 0.31 0.31 0.31 0.31 0.31 0.31 0.31 0.31 0.31 0.31 0.31 0.31 0.31 0.31 0.31 0.31 0.31 0.31 0.31 sum_arr_integr: 6.25 coef pide: 0.02 0.06 0.00 0.31 4
34.69 C 0:0:54 0.31 0.31 0.31 0.31 0.31 0.31 0.31 0.31 0.31 0.31 0.31 0.31 0.31 0.31 0.31 0.31 0.31 0.31 0.31 0.31 sum_arr_integr: 6.25 coef pide: 0.02 0.06 0.00 0.31 4
34.69 C 0:0:55 0.31 0.31 0.31 0.31 0.31 0.31 0.31 0.31 0.31 0.31 0.31 0.31 0.31 0.31 0.31 0.31 0.31 0.31 0.31 0.31 sum_arr_integr: 6.25 coef pide: 0.02 0.06 0.00 0.31 4
34.69 C 0:0:56 0.31 0.31 0.31 0.31 0.31 0.31 0.31 0.31 0.31 0.31 0.31 0.31 0.31 0.31 0.31 0.31 0.31 0.31 0.31 0.31 sum_arr_integr: 6.25 coef pide: 0.02 0.06 0.00 0.31 4
34.69 C 0:0:57 0.31 0.31 0.31 0.31 0.31 0.31 0.31 0.31 0.31 0.31 0.31 0.31 0.31 0.31 0.31 0.31 0.31 0.31 0.31 0.31 sum_arr_integr: 6.25 coef pide: 0.02 0.06 0.00 0.31 4
34.69 C 0:0:58 0.31 0.31 0.31 0.31 0.31 0.31 0.31 0.31 0.31 0.31 0.31 0.31 0.31 0.31 0.31 0.31 0.31 0.31 0.31 0.31 sum_arr_integr: 6.25 coef pide: 0.02 0.06 0.00 0.31 4
34.69 C 0:0:59 0.31 0.31 0.31 0.31 0.31 0.31 0.31 0.31 0.31 0.31 0.31 0.31 0.31 0.31 0.31 0.31 0.31 0.31 0.31 0.31 sum_arr_integr: 6.25 coef pide: 0.02 0.06 0.00 0.31 4
34.69 C 0:1:0 0.31 0.31 0.31 0.31 0.31 0.31 0.31 0.31 0.31 0.31 0.31 0.31 0.31 0.31 0.31 0.31 0.31 0.31 0.31 0.31 sum_arr_integr: 6.25 coef pide: 0.02 0.06 0.00 0.31 4
34.69 C 0:1:1 0.31 0.31 0.31 0.31 0.31 0.31 0.31 0.31 0.31 0.31 0.31 0.31 0.31 0.31 0.31 0.31 0.31 0.31 0.31 0.31 sum_arr_integr: 6.25 coef pide: 0.02 0.06 0.00 0.31 4
34.69 C 0:1:2 0.31 0.31 0.31 0.31 0.31 0.31 0.31 0.31 0.31 0.31 0.31 0.31 0.31 0.31 0.31 0.31 0.31 0.31 0.31 0.31 sum_arr_integr: 6.25 coef pide: 0.02 0.06 0.00 0.31 4
34.69 C 0:1:3 0.31 0.31 0.31 0.31 0.31 0.31 0.31 0.31 0.31 0.31 0.31 0.31 0.31 0.31 0.31 0.31 0.31 0.31 0.31 0.31 sum_arr_integr: 6.25 coef pide: 0.02 0.06 0.00 0.31 4
34.69 C 0:1:4 0.31 0.31 0.31 0.31 0.31 0.31 0.31 0.31 0.31 0.31 0.31 0.31 0.31 0.31 0.31 0.31 0.31 0.31 0.31 0.31 sum_arr_integr: 6.25 coef pide: 0.02 0.06 0.00 0.31 4
34.69 C 0:1:5 0.31 0.31 0.31 0.31 0.31 0.31 0.31 0.31 0.31 0.31 0.31 0.31 0.31 0.31 0.31 0.31 0.31 0.31 0.31 0.31 sum_arr_integr: 6.25 coef pide: 0.02 0.06 0.00 0.31 4
34.69 C 0:1:6 0.31 0.31 0.31 0.31 0.31 0.31 0.31 0.31 0.31 0.31 0.31 0.31 0.31 0.31 0.31 0.31 0.31 0.31 0.31 0.31 sum_arr_integr: 6.25 coef pide: 0.02 0.06 0.00 0.31 4
34.69 C 0:1:7 0.31 0.31 0.31 0.31 0.31 0.31 0.31 0.31 0.31 0.31 0.31 0.31 0.31 0.31 0.31 0.31 0.31 0.31 0.31 0.31 sum_arr_integr: 6.25 coef pide: 0.02 0.06 0.00 0.31 4
34.69 C 0:1:8 0.31 0.31 0.31 0.31 0.31 0.31 0.31 0.31 0.31 0.31 0.31 0.31 0.31 0.31 0.31 0.31 0.31 0.31 0.31 0.31 sum_arr_integr: 6.25 coef pide: 0.02 0.06 0.00 0.31 4
34.69 C 0:1:9 0.31 0.31 0.31 0.31 0.31 0.31 0.31 0.31 0.31 0.31 0.31 0.31 0.31 0.31 0.31 0.31 0.31 0.31 0.31 0.31 sum_arr_integr: 6.25 coef pide: 0.02 0.06 0.00 0.31 4
34.69 C 0:1:10 0.31 0.31 0.31 0.31 0.31 0.31 0.31 0.31 0.31 0.31 0.31 0.31 0.31 0.31 0.31 0.31 0.31 0.31 0.31 0.31 sum_arr_integr: 6.25 coef pide: 0.02 0.06 0.00 0.31 4
34.69 C 0:1:11 0.31 0.31 0.31 0.31 0.31 0.31 0.31 0.31 0.31 0.31 0.31 0.31 0.31 0.31 0.31 0.31 0.31 0.31 0.31 0.31 sum_arr_integr: 6.25 coef pide: 0.02 0.06 0.00 0.31 4
34.75 C 0:1:12 0.31 0.31 0.31 0.31 0.31 0.31 0.31 0.31 0.25 0.31 0.31 0.31 0.31 0.31 0.31 0.31 0.31 0.31 0.31 0.31 sum_arr_integr: 6.19 coef pide: 0.01 0.06 0.00 0.25 3
34.69 C 0:1:13 0.31 0.31 0.31 0.31 0.31 0.31 0.31 0.31 0.25 0.31 0.31 0.31 0.31 0.31 0.31 0.31 0.31 0.31 0.31 0.31 sum_arr_integr: 6.19 coef pide: 0.02 0.06 0.00 0.31 4
34.69 C 0:1:14 0.31 0.31 0.31 0.31 0.31 0.31 0.31 0.31 0.25 0.31 0.31 0.31 0.31 0.31 0.31 0.31 0.31 0.31 0.31 0.31 sum_arr_integr: 6.19 coef pide: 0.02 0.06 0.00 0.31 4
34.69 C 0:1:15 0.31 0.31 0.31 0.31 0.31 0.31 0.31 0.31 0.25 0.31 0.31 0.31 0.31 0.31 0.31 0.31 0.31 0.31 0.31 0.31 sum_arr_integr: 6.19 coef pide: 0.02 0.06 0.00 0.31 4
34.69 C 0:1:16 0.31 0.31 0.31 0.31 0.31 0.31 0.31 0.31 0.25 0.31 0.31 0.31 0.31 0.31 0.31 0.31 0.31 0.31 0.31 0.31 sum_arr_integr: 6.19 coef pide: 0.02 0.06 0.00 0.31 4
34.69 C 0:1:17 0.31 0.31 0.31 0.31 0.31 0.31 0.31 0.31 0.25 0.31 0.31 0.31 0.31 0.31 0.31 0.31 0.31 0.31 0.31 0.31 sum_arr_integr: 6.19 coef pide: 0.02 0.06 0.00 0.31 4
34.69 C 0:1:18 0.31 0.31 0.31 0.31 0.31 0.31 0.31 0.31 0.25 0.31 0.31 0.31 0.31 0.31 0.31 0.31 0.31 0.31 0.31 0.31 sum_arr_integr: 6.19 coef pide: 0.02 0.06 0.00 0.31 4
34.75 C 0:1:19 0.31 0.31 0.31 0.31 0.31 0.31 0.31 0.31 0.25 0.31 0.31 0.31 0.31 0.31 0.31 0.25 0.31 0.31 0.31 0.31 sum_arr_integr: 6.13 coef pide: 0.01 0.06 0.00 0.25 3
34.69 C 0:1:20 0.31 0.31 0.31 0.31 0.31 0.31 0.31 0.31 0.25 0.31 0.31 0.31 0.31 0.31 0.31 0.25 0.31 0.31 0.31 0.31 sum_arr_integr: 6.13 coef pide: 0.02 0.06 0.00 0.31 4
34.69 C 0:1:21 0.31 0.31 0.31 0.31 0.31 0.31 0.31 0.31 0.25 0.31 0.31 0.31 0.31 0.31 0.31 0.25 0.31 0.31 0.31 0.31 sum_arr_integr: 6.13 coef pide: 0.02 0.06 0.00 0.31 4
34.75 C 0:1:22 0.31 0.31 0.31 0.31 0.31 0.31 0.31 0.31 0.25 0.31 0.31 0.31 0.31 0.31 0.31 0.25 0.31 0.31 0.25 0.31 sum_arr_integr: 6.06 coef pide: 0.01 0.06 0.00 0.25 3
34.69 C 0:1:23 0.31 0.31 0.31 0.31 0.31 0.31 0.31 0.31 0.25 0.31 0.31 0.31 0.31 0.31 0.31 0.25 0.31 0.31 0.25 0.31 sum_arr_integr: 6.06 coef pide: 0.02 0.06 0.00 0.31 3
34.69 C 0:1:24 0.31 0.31 0.31 0.31 0.31 0.31 0.31 0.31 0.25 0.31 0.31 0.31 0.31 0.31 0.31 0.25 0.31 0.31 0.25 0.31 sum_arr_integr: 6.06 coef pide: 0.02 0.06 0.00 0.31 3
34.69 C 0:1:25 0.31 0.31 0.31 0.31 0.31 0.31 0.31 0.31 0.25 0.31 0.31 0.31 0.31 0.31 0.31 0.25 0.31 0.31 0.25 0.31 sum_arr_integr: 6.06 coef pide: 0.02 0.06 0.00 0.31 3
34.69 C 0:1:26 0.31 0.31 0.31 0.31 0.31 0.31 0.31 0.31 0.25 0.31 0.31 0.31 0.31 0.31 0.31 0.25 0.31 0.31 0.25 0.31 sum_arr_integr: 6.06 coef pide: 0.02 0.06 0.00 0.31 3
34.69 C 0:1:27 0.31 0.31 0.31 0.31 0.31 0.31 0.31 0.31 0.25 0.31 0.31 0.31 0.31 0.31 0.31 0.25 0.31 0.31 0.25 0.31 sum_arr_integr: 6.06 coef pide: 0.02 0.06 0.00 0.31 3
34.75 C 0:1:28 0.31 0.31 0.31 0.25 0.31 0.31 0.31 0.31 0.25 0.31 0.31 0.31 0.31 0.31 0.31 0.25 0.31 0.31 0.25 0.31 sum_arr_integr: 6.00 coef pide: 0.01 0.06 0.00 0.25 3
34.69 C 0:1:29 0.31 0.31 0.31 0.25 0.31 0.31 0.31 0.31 0.25 0.31 0.31 0.31 0.31 0.31 0.31 0.25 0.31 0.31 0.25 0.31 sum_arr_integr: 6.00 coef pide: 0.02 0.06 0.00 0.31 3
34.69 C 0:1:30 0.31 0.31 0.31 0.25 0.31 0.31 0.31 0.31 0.25 0.31 0.31 0.31 0.31 0.31 0.31 0.25 0.31 0.31 0.25 0.31 sum_arr_integr: 6.00 coef pide: 0.02 0.06 0.00 0.31 3
34.75 C 0:1:31 0.31 0.31 0.31 0.25 0.31 0.31 0.25 0.31 0.25 0.31 0.31 0.31 0.31 0.31 0.31 0.25 0.31 0.31 0.25 0.31 sum_arr_integr: 5.94 coef pide: 0.01 0.06 0.00 0.25 3
34.75 C 0:1:32 0.31 0.31 0.31 0.25 0.31 0.31 0.25 0.25 0.25 0.31 0.31 0.31 0.31 0.31 0.31 0.25 0.31 0.31 0.25 0.31 sum_arr_integr: 5.88 coef pide: 0.01 0.06 0.00 0.25 3
34.69 C 0:1:33 0.31 0.31 0.31 0.25 0.31 0.31 0.25 0.25 0.31 0.31 0.31 0.31 0.31 0.31 0.31 0.25 0.31 0.31 0.25 0.31 sum_arr_integr: 5.94 coef pide: 0.02 0.06 0.00 0.31 3
34.69 C 0:1:34 0.31 0.31 0.31 0.25 0.31 0.31 0.25 0.25 0.31 0.31 0.31 0.31 0.31 0.31 0.31 0.25 0.31 0.31 0.25 0.31 sum_arr_integr: 5.94 coef pide: 0.02 0.06 0.00 0.31 3
34.75 C 0:1:35 0.31 0.31 0.31 0.25 0.31 0.31 0.25 0.25 0.31 0.31 0.25 0.31 0.31 0.31 0.31 0.25 0.31 0.31 0.25 0.31 sum_arr_integr: 5.88 coef pide: 0.01 0.06 0.00 0.25 3
34.69 C 0:1:36 0.31 0.31 0.31 0.25 0.31 0.31 0.25 0.25 0.31 0.31 0.25 0.31 0.31 0.31 0.31 0.25 0.31 0.31 0.25 0.31 sum_arr_integr: 5.88 coef pide: 0.02 0.06 0.00 0.31 3
34.69 C 0:1:37 0.31 0.31 0.31 0.25 0.31 0.31 0.25 0.25 0.31 0.31 0.25 0.31 0.31 0.31 0.31 0.25 0.31 0.31 0.25 0.31 sum_arr_integr: 5.88 coef pide: 0.02 0.06 0.00 0.31 3
34.75 C 0:1:38 0.31 0.31 0.31 0.25 0.31 0.31 0.25 0.25 0.31 0.31 0.25 0.31 0.31 0.25 0.31 0.25 0.31 0.31 0.25 0.31 sum_arr_integr: 5.81 coef pide: 0.01 0.06 0.00 0.25 3
34.75 C 0:1:39 0.31 0.31 0.31 0.25 0.31 0.31 0.25 0.25 0.31 0.31 0.25 0.31 0.31 0.25 0.25 0.25 0.31 0.31 0.25 0.31 sum_arr_integr: 5.75 coef pide: 0.01 0.06 0.00 0.25 3
34.69 C 0:1:40 0.31 0.31 0.31 0.25 0.31 0.31 0.25 0.25 0.31 0.31 0.25 0.31 0.31 0.25 0.25 0.31 0.31 0.31 0.25 0.31 sum_arr_integr: 5.81 coef pide: 0.02 0.06 0.00 0.31 3
34.69 C 0:1:41 0.31 0.31 0.31 0.25 0.31 0.31 0.25 0.25 0.31 0.31 0.25 0.31 0.31 0.25 0.25 0.31 0.31 0.31 0.25 0.31 sum_arr_integr: 5.81 coef pide: 0.02 0.06 0.00 0.31 3
34.69 C 0:1:42 0.31 0.31 0.31 0.25 0.31 0.31 0.25 0.25 0.31 0.31 0.25 0.31 0.31 0.25 0.25 0.31 0.31 0.31 0.25 0.31 sum_arr_integr: 5.81 coef pide: 0.02 0.06 0.00 0.31 3
34.69 C 0:1:43 0.31 0.31 0.31 0.25 0.31 0.31 0.25 0.25 0.31 0.31 0.25 0.31 0.31 0.25 0.25 0.31 0.31 0.31 0.31 0.31 sum_arr_integr: 5.88 coef pide: 0.02 0.06 0.00 0.31 3
34.75 C 0:1:44 0.31 0.31 0.31 0.25 0.31 0.31 0.25 0.25 0.31 0.31 0.25 0.31 0.31 0.25 0.25 0.31 0.31 0.31 0.31 0.25 sum_arr_integr: 5.81 coef pide: 0.01 0.06 0.00 0.25 3
34.75 C 0:1:45 0.25 0.31 0.31 0.25 0.31 0.31 0.25 0.25 0.31 0.31 0.25 0.31 0.31 0.25 0.25 0.31 0.31 0.31 0.31 0.25 sum_arr_integr: 5.75 coef pide: 0.01 0.06 0.00 0.25 3
34.75 C 0:1:46 0.25 0.31 0.31 0.25 0.31 0.31 0.25 0.25 0.31 0.31 0.25 0.31 0.31 0.25 0.25 0.31 0.31 0.31 0.31 0.25 sum_arr_integr: 5.75 coef pide: 0.01 0.06 0.00 0.25 3
34.69 C 0:1:47 0.25 0.31 0.31 0.25 0.31 0.31 0.25 0.25 0.31 0.31 0.25 0.31 0.31 0.25 0.25 0.31 0.31 0.31 0.31 0.25 sum_arr_integr: 5.75 coef pide: 0.02 0.06 0.00 0.31 3
34.75 C 0:1:48 0.25 0.31 0.25 0.25 0.31 0.31 0.25 0.25 0.31 0.31 0.25 0.31 0.31 0.25 0.25 0.31 0.31 0.31 0.31 0.25 sum_arr_integr: 5.69 coef pide: 0.01 0.06 0.00 0.25 3
34.75 C 0:1:49 0.25 0.31 0.25 0.25 0.31 0.31 0.25 0.25 0.31 0.31 0.25 0.31 0.31 0.25 0.25 0.31 0.31 0.31 0.31 0.25 sum_arr_integr: 5.69 coef pide: 0.01 0.06 0.00 0.25 3
34.69 C 0:1:50 0.25 0.31 0.25 0.25 0.31 0.31 0.25 0.25 0.31 0.31 0.25 0.31 0.31 0.25 0.25 0.31 0.31 0.31 0.31 0.25 sum_arr_integr: 5.69 coef pide: 0.02 0.06 0.00 0.31 3
34.75 C 0:1:51 0.25 0.31 0.25 0.25 0.31 0.25 0.25 0.25 0.31 0.31 0.25 0.31 0.31 0.25 0.25 0.31 0.31 0.31 0.31 0.25 sum_arr_integr: 5.63 coef pide: 0.01 0.06 0.00 0.25 3
34.75 C 0:1:52 0.25 0.31 0.25 0.25 0.31 0.25 0.25 0.25 0.31 0.31 0.25 0.31 0.31 0.25 0.25 0.31 0.31 0.31 0.31 0.25 sum_arr_integr: 5.63 coef pide: 0.01 0.06 0.00 0.25 3
34.75 C 0:1:53 0.25 0.31 0.25 0.25 0.31 0.25 0.25 0.25 0.31 0.31 0.25 0.31 0.31 0.25 0.25 0.31 0.31 0.31 0.31 0.25 sum_arr_integr: 5.63 coef pide: 0.01 0.06 0.00 0.25 3
34.75 C 0:1:54 0.25 0.31 0.25 0.25 0.31 0.25 0.25 0.25 0.25 0.31 0.25 0.31 0.31 0.25 0.25 0.31 0.31 0.31 0.31 0.25 sum_arr_integr: 5.56 coef pide: 0.01 0.06 0.00 0.25 3
34.75 C 0:1:55 0.25 0.31 0.25 0.25 0.31 0.25 0.25 0.25 0.25 0.25 0.25 0.31 0.31 0.25 0.25 0.31 0.31 0.31 0.31 0.25 sum_arr_integr: 5.50 coef pide: 0.01 0.05 0.00 0.25 3
34.75 C 0:1:56 0.25 0.31 0.25 0.25 0.31 0.25 0.25 0.25 0.25 0.25 0.25 0.31 0.31 0.25 0.25 0.31 0.31 0.31 0.31 0.25 sum_arr_integr: 5.50 coef pide: 0.01 0.05 0.00 0.25 3
34.75 C 0:1:57 0.25 0.31 0.25 0.25 0.31 0.25 0.25 0.25 0.25 0.25 0.25 0.25 0.31 0.25 0.25 0.31 0.31 0.31 0.31 0.25 sum_arr_integr: 5.44 coef pide: 0.01 0.05 0.00 0.25 3
34.75 C 0:1:58 0.25 0.31 0.25 0.25 0.31 0.25 0.25 0.25 0.25 0.25 0.25 0.25 0.25 0.25 0.25 0.31 0.31 0.31 0.31 0.25 sum_arr_integr: 5.38 coef pide: 0.01 0.05 0.00 0.25 3
34.75 C 0:1:59 0.25 0.31 0.25 0.25 0.31 0.25 0.25 0.25 0.25 0.25 0.25 0.25 0.25 0.25 0.25 0.31 0.31 0.31 0.31 0.25 sum_arr_integr: 5.38 coef pide: 0.01 0.05 0.00 0.25 3
34.75 C 0:2:0 0.25 0.31 0.25 0.25 0.31 0.25 0.25 0.25 0.25 0.25 0.25 0.25 0.25 0.25 0.25 0.31 0.31 0.31 0.31 0.25 sum_arr_integr: 5.38 coef pide: 0.01 0.05 0.00 0.25 3
34.75 C 0:2:1 0.25 0.31 0.25 0.25 0.31 0.25 0.25 0.25 0.25 0.25 0.25 0.25 0.25 0.25 0.25 0.25 0.31 0.31 0.31 0.25 sum_arr_integr: 5.31 coef pide: 0.01 0.05 0.00 0.25 3
34.75 C 0:2:2 0.25 0.31 0.25 0.25 0.31 0.25 0.25 0.25 0.25 0.25 0.25 0.25 0.25 0.25 0.25 0.25 0.25 0.31 0.31 0.25 sum_arr_integr: 5.25 coef pide: 0.01 0.05 0.00 0.25 3
34.75 C 0:2:3 0.25 0.31 0.25 0.25 0.31 0.25 0.25 0.25 0.25 0.25 0.25 0.25 0.25 0.25 0.25 0.25 0.25 0.25 0.31 0.25 sum_arr_integr: 5.19 coef pide: 0.01 0.05 0.00 0.25 3
34.75 C 0:2:4 0.25 0.31 0.25 0.25 0.31 0.25 0.25 0.25 0.25 0.25 0.25 0.25 0.25 0.25 0.25 0.25 0.25 0.25 0.25 0.25 sum_arr_integr: 5.13 coef pide: 0.01 0.05 0.00 0.25 3
34.75 C 0:2:5 0.25 0.31 0.25 0.25 0.31 0.25 0.25 0.25 0.25 0.25 0.25 0.25 0.25 0.25 0.25 0.25 0.25 0.25 0.25 0.25 sum_arr_integr: 5.13 coef pide: 0.01 0.05 0.00 0.25 3
34.69 C 0:2:6 0.31 0.31 0.25 0.25 0.31 0.25 0.25 0.25 0.25 0.25 0.25 0.25 0.25 0.25 0.25 0.25 0.25 0.25 0.25 0.25 sum_arr_integr: 5.19 coef pide: 0.02 0.05 0.00 0.31 3
34.75 C 0:2:7 0.25 0.31 0.25 0.25 0.31 0.25 0.25 0.25 0.25 0.25 0.25 0.25 0.25 0.25 0.25 0.25 0.25 0.25 0.25 0.25 sum_arr_integr: 5.13 coef pide: 0.01 0.05 0.00 0.25 3
34.75 C 0:2:8 0.25 0.25 0.25 0.25 0.31 0.25 0.25 0.25 0.25 0.25 0.25 0.25 0.25 0.25 0.25 0.25 0.25 0.25 0.25 0.25 sum_arr_integr: 5.06 coef pide: 0.01 0.05 0.00 0.25 3
34.69 C 0:2:9 0.25 0.25 0.31 0.25 0.31 0.25 0.25 0.25 0.25 0.25 0.25 0.25 0.25 0.25 0.25 0.25 0.25 0.25 0.25 0.25 sum_arr_integr: 5.13 coef pide: 0.02 0.05 0.00 0.31 3
34.75 C 0:2:10 0.25 0.25 0.31 0.25 0.31 0.25 0.25 0.25 0.25 0.25 0.25 0.25 0.25 0.25 0.25 0.25 0.25 0.25 0.25 0.25 sum_arr_integr: 5.13 coef pide: 0.01 0.05 0.00 0.25 3
34.75 C 0:2:11 0.25 0.25 0.31 0.25 0.25 0.25 0.25 0.25 0.25 0.25 0.25 0.25 0.25 0.25 0.25 0.25 0.25 0.25 0.25 0.25 sum_arr_integr: 5.06 coef pide: 0.01 0.05 0.00 0.25 3
34.75 C 0:2:12 0.25 0.25 0.31 0.25 0.25 0.25 0.25 0.25 0.25 0.25 0.25 0.25 0.25 0.25 0.25 0.25 0.25 0.25 0.25 0.25 sum_arr_integr: 5.06 coef pide: 0.01 0.05 0.00 0.25 3
34.75 C 0:2:13 0.25 0.25 0.31 0.25 0.25 0.25 0.25 0.25 0.25 0.25 0.25 0.25 0.25 0.25 0.25 0.25 0.25 0.25 0.25 0.25 sum_arr_integr: 5.06 coef pide: 0.01 0.05 0.00 0.25 3
34.75 C 0:2:14 0.25 0.25 0.31 0.25 0.25 0.25 0.25 0.25 0.25 0.25 0.25 0.25 0.25 0.25 0.25 0.25 0.25 0.25 0.25 0.25 sum_arr_integr: 5.06 coef pide: 0.01 0.05 0.00 0.25 3
34.75 C 0:2:15 0.25 0.25 0.31 0.25 0.25 0.25 0.25 0.25 0.25 0.25 0.25 0.25 0.25 0.25 0.25 0.25 0.25 0.25 0.25 0.25 sum_arr_integr: 5.06 coef pide: 0.01 0.05 0.00 0.25 3
34.75 C 0:2:16 0.25 0.25 0.31 0.25 0.25 0.25 0.25 0.25 0.25 0.25 0.25 0.25 0.25 0.25 0.25 0.25 0.25 0.25 0.25 0.25 sum_arr_integr: 5.06 coef pide: 0.01 0.05 0.00 0.25 3
34.75 C 0:2:17 0.25 0.25 0.31 0.25 0.25 0.25 0.25 0.25 0.25 0.25 0.25 0.25 0.25 0.25 0.25 0.25 0.25 0.25 0.25 0.25 sum_arr_integr: 5.06 coef pide: 0.01 0.05 0.00 0.25 3
34.75 C 0:2:18 0.25 0.25 0.31 0.25 0.25 0.25 0.25 0.25 0.25 0.25 0.25 0.25 0.25 0.25 0.25 0.25 0.25 0.25 0.25 0.25 sum_arr_integr: 5.06 coef pide: 0.01 0.05 0.00 0.25 3
34.75 C 0:2:19 0.25 0.25 0.31 0.25 0.25 0.25 0.25 0.25 0.25 0.25 0.25 0.25 0.25 0.25 0.25 0.25 0.25 0.25 0.25 0.25 sum_arr_integr: 5.06 coef pide: 0.01 0.05 0.00 0.25 3
34.75 C 0:2:20 0.25 0.25 0.31 0.25 0.25 0.25 0.25 0.25 0.25 0.25 0.25 0.25 0.25 0.25 0.25 0.25 0.25 0.25 0.25 0.25 sum_arr_integr: 5.06 coef pide: 0.01 0.05 0.00 0.25 3
34.75 C 0:2:21 0.25 0.25 0.31 0.25 0.25 0.25 0.25 0.25 0.25 0.25 0.25 0.25 0.25 0.25 0.25 0.25 0.25 0.25 0.25 0.25 sum_arr_integr: 5.06 coef pide: 0.01 0.05 0.00 0.25 3
34.75 C 0:2:22 0.25 0.25 0.31 0.25 0.25 0.25 0.25 0.25 0.25 0.25 0.25 0.25 0.25 0.25 0.25 0.25 0.25 0.25 0.25 0.25 sum_arr_integr: 5.06 coef pide: 0.01 0.05 0.00 0.25 3
34.75 C 0:2:23 0.25 0.25 0.31 0.25 0.25 0.25 0.25 0.25 0.25 0.25 0.25 0.25 0.25 0.25 0.25 0.25 0.25 0.25 0.25 0.25 sum_arr_integr: 5.06 coef pide: 0.01 0.05 0.00 0.25 3
34.75 C 0:2:24 0.25 0.25 0.31 0.25 0.25 0.25 0.25 0.25 0.25 0.25 0.25 0.25 0.25 0.25 0.25 0.25 0.25 0.25 0.25 0.25 sum_arr_integr: 5.06 coef pide: 0.01 0.05 0.00 0.25 3
34.75 C 0:2:25 0.25 0.25 0.31 0.25 0.25 0.25 0.25 0.25 0.25 0.25 0.25 0.25 0.25 0.25 0.25 0.25 0.25 0.25 0.25 0.25 sum_arr_integr: 5.06 coef pide: 0.01 0.05 0.00 0.25 3
34.75 C 0:2:26 0.25 0.25 0.31 0.25 0.25 0.25 0.25 0.25 0.25 0.25 0.25 0.25 0.25 0.25 0.25 0.25 0.25 0.25 0.25 0.25 sum_arr_integr: 5.06 coef pide: 0.01 0.05 0.00 0.25 3
34.75 C 0:2:27 0.25 0.25 0.31 0.25 0.25 0.25 0.25 0.25 0.25 0.25 0.25 0.25 0.25 0.25 0.25 0.25 0.25 0.25 0.25 0.25 sum_arr_integr: 5.06 coef pide: 0.01 0.05 0.00 0.25 3
34.75 C 0:2:28 0.25 0.25 0.31 0.25 0.25 0.25 0.25 0.25 0.25 0.25 0.25 0.25 0.25 0.25 0.25 0.25 0.25 0.25 0.25 0.25 sum_arr_integr: 5.06 coef pide: 0.01 0.05 0.00 0.25 3
34.75 C 0:2:29 0.25 0.25 0.31 0.25 0.25 0.25 0.25 0.25 0.25 0.25 0.25 0.25 0.25 0.25 0.25 0.25 0.25 0.25 0.25 0.25 sum_arr_integr: 5.06 coef pide: 0.01 0.05 0.00 0.25 3
34.75 C 0:2:30 0.25 0.25 0.25 0.25 0.25 0.25 0.25 0.25 0.25 0.25 0.25 0.25 0.25 0.25 0.25 0.25 0.25 0.25 0.25 0.25 sum_arr_integr: 5.00 coef pide: 0.01 0.05 0.00 0.25 3
34.75 C 0:2:31 0.25 0.25 0.25 0.25 0.25 0.25 0.25 0.25 0.25 0.25 0.25 0.25 0.25 0.25 0.25 0.25 0.25 0.25 0.25 0.25 sum_arr_integr: 5.00 coef pide: 0.01 0.05 0.00 0.25 3
34.75 C 0:2:32 0.25 0.25 0.25 0.25 0.25 0.25 0.25 0.25 0.25 0.25 0.25 0.25 0.25 0.25 0.25 0.25 0.25 0.25 0.25 0.25 sum_arr_integr: 5.00 coef pide: 0.01 0.05 0.00 0.25 3
34.75 C 0:2:33 0.25 0.25 0.25 0.25 0.25 0.25 0.25 0.25 0.25 0.25 0.25 0.25 0.25 0.25 0.25 0.25 0.25 0.25 0.25 0.25 sum_arr_integr: 5.00 coef pide: 0.01 0.05 0.00 0.25 3
34.75 C 0:2:34 0.25 0.25 0.25 0.25 0.25 0.25 0.25 0.25 0.25 0.25 0.25 0.25 0.25 0.25 0.25 0.25 0.25 0.25 0.25 0.25 sum_arr_integr: 5.00 coef pide: 0.01 0.05 0.00 0.25 3
34.75 C 0:2:35 0.25 0.25 0.25 0.25 0.25 0.25 0.25 0.25 0.25 0.25 0.25 0.25 0.25 0.25 0.25 0.25 0.25 0.25 0.25 0.25 sum_arr_integr: 5.00 coef pide: 0.01 0.05 0.00 0.25 3
34.75 C 0:2:36 0.25 0.25 0.25 0.25 0.25 0.25 0.25 0.25 0.25 0.25 0.25 0.25 0.25 0.25 0.25 0.25 0.25 0.25 0.25 0.25 sum_arr_integr: 5.00 coef pide: 0.01 0.05 0.00 0.25 3
34.75 C 0:2:37 0.25 0.25 0.25 0.25 0.25 0.25 0.25 0.25 0.25 0.25 0.25 0.25 0.25 0.25 0.25 0.25 0.25 0.25 0.25 0.25 sum_arr_integr: 5.00 coef pide: 0.01 0.05 0.00 0.25 3
34.75 C 0:2:38 0.25 0.25 0.25 0.25 0.25 0.25 0.25 0.25 0.25 0.25 0.25 0.25 0.25 0.25 0.25 0.25 0.25 0.25 0.25 0.25 sum_arr_integr: 5.00 coef pide: 0.01 0.05 0.00 0.25 3
34.75 C 0:2:39 0.25 0.25 0.25 0.25 0.25 0.25 0.25 0.25 0.25 0.25 0.25 0.25 0.25 0.25 0.25 0.25 0.25 0.25 0.25 0.25 sum_arr_integr: 5.00 coef pide: 0.01 0.05 0.00 0.25 3
34.75 C 0:2:40 0.25 0.25 0.25 0.25 0.25 0.25 0.25 0.25 0.25 0.25 0.25 0.25 0.25 0.25 0.25 0.25 0.25 0.25 0.25 0.25 sum_arr_integr: 5.00 coef pide: 0.01 0.05 0.00 0.25 3
34.75 C 0:2:41 0.25 0.25 0.25 0.25 0.25 0.25 0.25 0.25 0.25 0.25 0.25 0.25 0.25 0.25 0.25 0.25 0.25 0.25 0.25 0.25 sum_arr_integr: 5.00 coef pide: 0.01 0.05 0.00 0.25 3
34.75 C 0:2:42 0.25 0.25 0.25 0.25 0.25 0.25 0.25 0.25 0.25 0.25 0.25 0.25 0.25 0.25 0.25 0.25 0.25 0.25 0.25 0.25 sum_arr_integr: 5.00 coef pide: 0.01 0.05 0.00 0.25 3
34.75 C 0:2:43 0.25 0.25 0.25 0.25 0.25 0.25 0.25 0.25 0.25 0.25 0.25 0.25 0.25 0.25 0.25 0.25 0.25 0.25 0.25 0.25 sum_arr_integr: 5.00 coef pide: 0.01 0.05 0.00 0.25 3
34.75 C 0:2:44 0.25 0.25 0.25 0.25 0.25 0.25 0.25 0.25 0.25 0.25 0.25 0.25 0.25 0.25 0.25 0.25 0.25 0.25 0.25 0.25 sum_arr_integr: 5.00 coef pide: 0.01 0.05 0.00 0.25 3
34.75 C 0:2:45 0.25 0.25 0.25 0.25 0.25 0.25 0.25 0.25 0.25 0.25 0.25 0.25 0.25 0.25 0.25 0.25 0.25 0.25 0.25 0.25 sum_arr_integr: 5.00 coef pide: 0.01 0.05 0.00 0.25 3
34.75 C 0:2:46 0.25 0.25 0.25 0.25 0.25 0.25 0.25 0.25 0.25 0.25 0.25 0.25 0.25 0.25 0.25 0.25 0.25 0.25 0.25 0.25 sum_arr_integr: 5.00 coef pide: 0.01 0.05 0.00 0.25 3
34.75 C 0:2:47 0.25 0.25 0.25 0.25 0.25 0.25 0.25 0.25 0.25 0.25 0.25 0.25 0.25 0.25 0.25 0.25 0.25 0.25 0.25 0.25 sum_arr_integr: 5.00 coef pide: 0.01 0.05 0.00 0.25 3
34.75 C 0:2:48 0.25 0.25 0.25 0.25 0.25 0.25 0.25 0.25 0.25 0.25 0.25 0.25 0.25 0.25 0.25 0.25 0.25 0.25 0.25 0.25 sum_arr_integr: 5.00 coef pide: 0.01 0.05 0.00 0.25 3
34.75 C 0:2:49 0.25 0.25 0.25 0.25 0.25 0.25 0.25 0.25 0.25 0.25 0.25 0.25 0.25 0.25 0.25 0.25 0.25 0.25 0.25 0.25 sum_arr_integr: 5.00 coef pide: 0.01 0.05 0.00 0.25 3
34.75 C 0:2:50 0.25 0.25 0.25 0.25 0.25 0.25 0.25 0.25 0.25 0.25 0.25 0.25 0.25 0.25 0.25 0.25 0.25 0.25 0.25 0.25 sum_arr_integr: 5.00 coef pide: 0.01 0.05 0.00 0.25 3
34.75 C 0:2:51 0.25 0.25 0.25 0.25 0.25 0.25 0.25 0.25 0.25 0.25 0.25 0.25 0.25 0.25 0.25 0.25 0.25 0.25 0.25 0.25 sum_arr_integr: 5.00 coef pide: 0.01 0.05 0.00 0.25 3
34.75 C 0:2:52 0.25 0.25 0.25 0.25 0.25 0.25 0.25 0.25 0.25 0.25 0.25 0.25 0.25 0.25 0.25 0.25 0.25 0.25 0.25 0.25 sum_arr_integr: 5.00 coef pide: 0.01 0.05 0.00 0.25 3
34.75 C 0:2:53 0.25 0.25 0.25 0.25 0.25 0.25 0.25 0.25 0.25 0.25 0.25 0.25 0.25 0.25 0.25 0.25 0.25 0.25 0.25 0.25 sum_arr_integr: 5.00 coef pide: 0.01 0.05 0.00 0.25 3
34.75 C 0:2:54 0.25 0.25 0.25 0.25 0.25 0.25 0.25 0.25 0.25 0.25 0.25 0.25 0.25 0.25 0.25 0.25 0.25 0.25 0.25 0.25 sum_arr_integr: 5.00 coef pide: 0.01 0.05 0.00 0.25 3
34.75 C 0:2:55 0.25 0.25 0.25 0.25 0.25 0.25 0.25 0.25 0.25 0.25 0.25 0.25 0.25 0.25 0.25 0.25 0.25 0.25 0.25 0.25 sum_arr_integr: 5.00 coef pide: 0.01 0.05 0.00 0.25 3
34.75 C 0:2:56 0.25 0.25 0.25 0.25 0.25 0.25 0.25 0.25 0.25 0.25 0.25 0.25 0.25 0.25 0.25 0.25 0.25 0.25 0.25 0.25 sum_arr_integr: 5.00 coef pide: 0.01 0.05 0.00 0.25 3
34.75 C 0:2:57 0.25 0.25 0.25 0.25 0.25 0.25 0.25 0.25 0.25 0.25 0.25 0.25 0.25 0.25 0.25 0.25 0.25 0.25 0.25 0.25 sum_arr_integr: 5.00 coef pide: 0.01 0.05 0.00 0.25 3
34.75 C 0:2:58 0.25 0.25 0.25 0.25 0.25 0.25 0.25 0.25 0.25 0.25 0.25 0.25 0.25 0.25 0.25 0.25 0.25 0.25 0.25 0.25 sum_arr_integr: 5.00 coef pide: 0.01 0.05 0.00 0.25 3
34.75 C 0:2:59 0.25 0.25 0.25 0.25 0.25 0.25 0.25 0.25 0.25 0.25 0.25 0.25 0.25 0.25 0.25 0.25 0.25 0.25 0.25 0.25 sum_arr_integr: 5.00 coef pide: 0.01 0.05 0.00 0.25 3
34.75 C 0:3:0 0.25 0.25 0.25 0.25 0.25 0.25 0.25 0.25 0.25 0.25 0.25 0.25 0.25 0.25 0.25 0.25 0.25 0.25 0.25 0.25 sum_arr_integr: 5.00 coef pide: 0.01 0.05 0.00 0.25 3
34.75 C 0:3:1 0.25 0.25 0.25 0.25 0.25 0.25 0.25 0.25 0.25 0.25 0.25 0.25 0.25 0.25 0.25 0.25 0.25 0.25 0.25 0.25 sum_arr_integr: 5.00 coef pide: 0.01 0.05 0.00 0.25 3
34.75 C 0:3:2 0.25 0.25 0.25 0.25 0.25 0.25 0.25 0.25 0.25 0.25 0.25 0.25 0.25 0.25 0.25 0.25 0.25 0.25 0.25 0.25 sum_arr_integr: 5.00 coef pide: 0.01 0.05 0.00 0.25 3
34.75 C 0:3:3 0.25 0.25 0.25 0.25 0.25 0.25 0.25 0.25 0.25 0.25 0.25 0.25 0.25 0.25 0.25 0.25 0.25 0.25 0.25 0.25 sum_arr_integr: 5.00 coef pide: 0.01 0.05 0.00 0.25 3
34.75 C 0:3:4 0.25 0.25 0.25 0.25 0.25 0.25 0.25 0.25 0.25 0.25 0.25 0.25 0.25 0.25 0.25 0.25 0.25 0.25 0.25 0.25 sum_arr_integr: 5.00 coef pide: 0.01 0.05 0.00 0.25 3
34.75 C 0:3:5 0.25 0.25 0.25 0.25 0.25 0.25 0.25 0.25 0.25 0.25 0.25 0.25 0.25 0.25 0.25 0.25 0.25 0.25 0.25 0.25 sum_arr_integr: 5.00 coef pide: 0.01 0.05 0.00 0.25 3
34.75 C 0:3:6 0.25 0.25 0.25 0.25 0.25 0.25 0.25 0.25 0.25 0.25 0.25 0.25 0.25 0.25 0.25 0.25 0.25 0.25 0.25 0.25 sum_arr_integr: 5.00 coef pide: 0.01 0.05 0.00 0.25 3
34.75 C 0:3:7 0.25 0.25 0.25 0.25 0.25 0.25 0.25 0.25 0.25 0.25 0.25 0.25 0.25 0.25 0.25 0.25 0.25 0.25 0.25 0.25 sum_arr_integr: 5.00 coef pide: 0.01 0.05 0.00 0.25 3
34.75 C 0:3:8 0.25 0.25 0.25 0.25 0.25 0.25 0.25 0.25 0.25 0.25 0.25 0.25 0.25 0.25 0.25 0.25 0.25 0.25 0.25 0.25 sum_arr_integr: 5.00 coef pide: 0.01 0.05 0.00 0.25 3
34.75 C 0:3:9 0.25 0.25 0.25 0.25 0.25 0.25 0.25 0.25 0.25 0.25 0.25 0.25 0.25 0.25 0.25 0.25 0.25 0.25 0.25 0.25 sum_arr_integr: 5.00 coef pide: 0.01 0.05 0.00 0.25 3
34.75 C 0:3:10 0.25 0.25 0.25 0.25 0.25 0.25 0.25 0.25 0.25 0.25 0.25 0.25 0.25 0.25 0.25 0.25 0.25 0.25 0.25 0.25 sum_arr_integr: 5.00 coef pide: 0.01 0.05 0.00 0.25 3
34.75 C 0:3:11 0.25 0.25 0.25 0.25 0.25 0.25 0.25 0.25 0.25 0.25 0.25 0.25 0.25 0.25 0.25 0.25 0.25 0.25 0.25 0.25 sum_arr_integr: 5.00 coef pide: 0.01 0.05 0.00 0.25 3
34.75 C 0:3:12 0.25 0.25 0.25 0.25 0.25 0.25 0.25 0.25 0.25 0.25 0.25 0.25 0.25 0.25 0.25 0.25 0.25 0.25 0.25 0.25 sum_arr_integr: 5.00 coef pide: 0.01 0.05 0.00 0.25 3
34.75 C 0:3:13 0.25 0.25 0.25 0.25 0.25 0.25 0.25 0.25 0.25 0.25 0.25 0.25 0.25 0.25 0.25 0.25 0.25 0.25 0.25 0.25 sum_arr_integr: 5.00 coef pide: 0.01 0.05 0.00 0.25 3
34.75 C 0:3:14 0.25 0.25 0.25 0.25 0.25 0.25 0.25 0.25 0.25 0.25 0.25 0.25 0.25 0.25 0.25 0.25 0.25 0.25 0.25 0.25 sum_arr_integr: 5.00 coef pide: 0.01 0.05 0.00 0.25 3
34.75 C 0:3:15 0.25 0.25 0.25 0.25 0.25 0.25 0.25 0.25 0.25 0.25 0.25 0.25 0.25 0.25 0.25 0.25 0.25 0.25 0.25 0.25 sum_arr_integr: 5.00 coef pide: 0.01 0.05 0.00 0.25 3
34.75 C 0:3:16 0.25 0.25 0.25 0.25 0.25 0.25 0.25 0.25 0.25 0.25 0.25 0.25 0.25 0.25 0.25 0.25 0.25 0.25 0.25 0.25 sum_arr_integr: 5.00 coef pide: 0.01 0.05 0.00 0.25 3
34.75 C 0:3:17 0.25 0.25 0.25 0.25 0.25 0.25 0.25 0.25 0.25 0.25 0.25 0.25 0.25 0.25 0.25 0.25 0.25 0.25 0.25 0.25 sum_arr_integr: 5.00 coef pide: 0.01 0.05 0.00 0.25 3
34.75 C 0:3:18 0.25 0.25 0.25 0.25 0.25 0.25 0.25 0.25 0.25 0.25 0.25 0.25 0.25 0.25 0.25 0.25 0.25 0.25 0.25 0.25 sum_arr_integr: 5.00 coef pide: 0.01 0.05 0.00 0.25 3
34.75 C 0:3:19 0.25 0.25 0.25 0.25 0.25 0.25 0.25 0.25 0.25 0.25 0.25 0.25 0.25 0.25 0.25 0.25 0.25 0.25 0.25 0.25 sum_arr_integr: 5.00 coef pide: 0.01 0.05 0.00 0.25 3
34.75 C 0:3:20 0.25 0.25 0.25 0.25 0.25 0.25 0.25 0.25 0.25 0.25 0.25 0.25 0.25 0.25 0.25 0.25 0.25 0.25 0.25 0.25 sum_arr_integr: 5.00 coef pide: 0.01 0.05 0.00 0.25 3
34.75 C 0:3:21 0.25 0.25 0.25 0.25 0.25 0.25 0.25 0.25 0.25 0.25 0.25 0.25 0.25 0.25 0.25 0.25 0.25 0.25 0.25 0.25 sum_arr_integr: 5.00 coef pide: 0.01 0.05 0.00 0.25 3
34.75 C 0:3:22 0.25 0.25 0.25 0.25 0.25 0.25 0.25 0.25 0.25 0.25 0.25 0.25 0.25 0.25 0.25 0.25 0.25 0.25 0.25 0.25 sum_arr_integr: 5.00 coef pide: 0.01 0.05 0.00 0.25 3
34.75 C 0:3:23 0.25 0.25 0.25 0.25 0.25 0.25 0.25 0.25 0.25 0.25 0.25 0.25 0.25 0.25 0.25 0.25 0.25 0.25 0.25 0.25 sum_arr_integr: 5.00 coef pide: 0.01 0.05 0.00 0.25 3
34.75 C 0:3:24 0.25 0.25 0.25 0.25 0.25 0.25 0.25 0.25 0.25 0.25 0.25 0.25 0.25 0.25 0.25 0.25 0.25 0.25 0.25 0.25 sum_arr_integr: 5.00 coef pide: 0.01 0.05 0.00 0.25 3
34.75 C 0:3:25 0.25 0.25 0.25 0.25 0.25 0.25 0.25 0.25 0.25 0.25 0.25 0.25 0.25 0.25 0.25 0.25 0.25 0.25 0.25 0.25 sum_arr_integr: 5.00 coef pide: 0.01 0.05 0.00 0.25 3
34.75 C 0:3:26 0.25 0.25 0.25 0.25 0.25 0.25 0.25 0.25 0.25 0.25 0.25 0.25 0.25 0.25 0.25 0.25 0.25 0.25 0.25 0.25 sum_arr_integr: 5.00 coef pide: 0.01 0.05 0.00 0.25 3
34.81 C 0:3:27 0.25 0.25 0.25 0.25 0.25 0.25 0.25 0.25 0.25 0.25 0.25 0.25 0.25 0.25 0.25 0.25 0.25 0.19 0.25 0.25 sum_arr_integr: 4.94 coef pide: 0.01 0.05 0.00 0.19 3
34.75 C 0:3:28 0.25 0.25 0.25 0.25 0.25 0.25 0.25 0.25 0.25 0.25 0.25 0.25 0.25 0.25 0.25 0.25 0.25 0.19 0.25 0.25 sum_arr_integr: 4.94 coef pide: 0.01 0.05 0.00 0.25 3
34.75 C 0:3:29 0.25 0.25 0.25 0.25 0.25 0.25 0.25 0.25 0.25 0.25 0.25 0.25 0.25 0.25 0.25 0.25 0.25 0.19 0.25 0.25 sum_arr_integr: 4.94 coef pide: 0.01 0.05 0.00 0.25 3
34.75 C 0:3:30 0.25 0.25 0.25 0.25 0.25 0.25 0.25 0.25 0.25 0.25 0.25 0.25 0.25 0.25 0.25 0.25 0.25 0.19 0.25 0.25 sum_arr_integr: 4.94 coef pide: 0.01 0.05 0.00 0.25 3
34.75 C 0:3:31 0.25 0.25 0.25 0.25 0.25 0.25 0.25 0.25 0.25 0.25 0.25 0.25 0.25 0.25 0.25 0.25 0.25 0.19 0.25 0.25 sum_arr_integr: 4.94 coef pide: 0.01 0.05 0.00 0.25 3
34.75 C 0:3:32 0.25 0.25 0.25 0.25 0.25 0.25 0.25 0.25 0.25 0.25 0.25 0.25 0.25 0.25 0.25 0.25 0.25 0.19 0.25 0.25 sum_arr_integr: 4.94 coef pide: 0.01 0.05 0.00 0.25 3
34.75 C 0:3:33 0.25 0.25 0.25 0.25 0.25 0.25 0.25 0.25 0.25 0.25 0.25 0.25 0.25 0.25 0.25 0.25 0.25 0.19 0.25 0.25 sum_arr_integr: 4.94 coef pide: 0.01 0.05 0.00 0.25 3
34.81 C 0:3:34 0.25 0.25 0.25 0.19 0.25 0.25 0.25 0.25 0.25 0.25 0.25 0.25 0.25 0.25 0.25 0.25 0.25 0.19 0.25 0.25 sum_arr_integr: 4.88 coef pide: 0.01 0.05 0.00 0.19 3
34.75 C 0:3:35 0.25 0.25 0.25 0.19 0.25 0.25 0.25 0.25 0.25 0.25 0.25 0.25 0.25 0.25 0.25 0.25 0.25 0.19 0.25 0.25 sum_arr_integr: 4.88 coef pide: 0.01 0.05 0.00 0.25 3
34.75 C 0:3:36 0.25 0.25 0.25 0.19 0.25 0.25 0.25 0.25 0.25 0.25 0.25 0.25 0.25 0.25 0.25 0.25 0.25 0.19 0.25 0.25 sum_arr_integr: 4.88 coef pide: 0.01 0.05 0.00 0.25 3
34.75 C 0:3:37 0.25 0.25 0.25 0.19 0.25 0.25 0.25 0.25 0.25 0.25 0.25 0.25 0.25 0.25 0.25 0.25 0.25 0.19 0.25 0.25 sum_arr_integr: 4.88 coef pide: 0.01 0.05 0.00 0.25 3
34.75 C 0:3:38 0.25 0.25 0.25 0.19 0.25 0.25 0.25 0.25 0.25 0.25 0.25 0.25 0.25 0.25 0.25 0.25 0.25 0.19 0.25 0.25 sum_arr_integr: 4.88 coef pide: 0.01 0.05 0.00 0.25 3
34.75 C 0:3:39 0.25 0.25 0.25 0.19 0.25 0.25 0.25 0.25 0.25 0.25 0.25 0.25 0.25 0.25 0.25 0.25 0.25 0.19 0.25 0.25 sum_arr_integr: 4.88 coef pide: 0.01 0.05 0.00 0.25 3
34.81 C 0:3:40 0.25 0.25 0.25 0.19 0.25 0.25 0.25 0.25 0.25 0.19 0.25 0.25 0.25 0.25 0.25 0.25 0.25 0.19 0.25 0.25 sum_arr_integr: 4.81 coef pide: 0.01 0.05 0.00 0.19 2
34.75 C 0:3:41 0.25 0.25 0.25 0.19 0.25 0.25 0.25 0.25 0.25 0.19 0.25 0.25 0.25 0.25 0.25 0.25 0.25 0.19 0.25 0.25 sum_arr_integr: 4.81 coef pide: 0.01 0.05 0.00 0.25 3
34.75 C 0:3:42 0.25 0.25 0.25 0.19 0.25 0.25 0.25 0.25 0.25 0.19 0.25 0.25 0.25 0.25 0.25 0.25 0.25 0.19 0.25 0.25 sum_arr_integr: 4.81 coef pide: 0.01 0.05 0.00 0.25 3
34.75 C 0:3:43 0.25 0.25 0.25 0.19 0.25 0.25 0.25 0.25 0.25 0.19 0.25 0.25 0.25 0.25 0.25 0.25 0.25 0.19 0.25 0.25 sum_arr_integr: 4.81 coef pide: 0.01 0.05 0.00 0.25 3
34.81 C 0:3:44 0.25 0.25 0.25 0.19 0.25 0.25 0.25 0.25 0.25 0.19 0.25 0.25 0.25 0.19 0.25 0.25 0.25 0.19 0.25 0.25 sum_arr_integr: 4.75 coef pide: 0.01 0.05 0.00 0.19 2
34.81 C 0:3:45 0.25 0.25 0.25 0.19 0.25 0.25 0.25 0.25 0.25 0.19 0.25 0.25 0.25 0.19 0.19 0.25 0.25 0.19 0.25 0.25 sum_arr_integr: 4.69 coef pide: 0.01 0.05 0.00 0.19 2
34.81 C 0:3:46 0.25 0.25 0.25 0.19 0.25 0.25 0.25 0.25 0.25 0.19 0.25 0.25 0.25 0.19 0.19 0.19 0.25 0.19 0.25 0.25 sum_arr_integr: 4.63 coef pide: 0.01 0.05 0.00 0.19 2
34.81 C 0:3:47 0.25 0.25 0.25 0.19 0.25 0.25 0.25 0.25 0.25 0.19 0.25 0.25 0.25 0.19 0.19 0.19 0.19 0.19 0.25 0.25 sum_arr_integr: 4.56 coef pide: 0.01 0.05 0.00 0.19 2
34.81 C 0:3:48 0.25 0.25 0.25 0.19 0.25 0.25 0.25 0.25 0.25 0.19 0.25 0.25 0.25 0.19 0.19 0.19 0.19 0.19 0.25 0.25 sum_arr_integr: 4.56 coef pide: 0.01 0.05 0.00 0.19 2
34.75 C 0:3:49 0.25 0.25 0.25 0.19 0.25 0.25 0.25 0.25 0.25 0.19 0.25 0.25 0.25 0.19 0.19 0.19 0.19 0.19 0.25 0.25 sum_arr_integr: 4.56 coef pide: 0.01 0.05 0.00 0.25 3
34.81 C 0:3:50 0.25 0.25 0.25 0.19 0.25 0.25 0.25 0.25 0.25 0.19 0.25 0.25 0.25 0.19 0.19 0.19 0.19 0.19 0.25 0.19 sum_arr_integr: 4.50 coef pide: 0.01 0.04 0.00 0.19 2
34.81 C 0:3:51 0.19 0.25 0.25 0.19 0.25 0.25 0.25 0.25 0.25 0.19 0.25 0.25 0.25 0.19 0.19 0.19 0.19 0.19 0.25 0.19 sum_arr_integr: 4.44 coef pide: 0.01 0.04 0.00 0.19 2
34.81 C 0:3:52 0.19 0.25 0.25 0.19 0.25 0.25 0.25 0.25 0.25 0.19 0.25 0.25 0.25 0.19 0.19 0.19 0.19 0.19 0.25 0.19 sum_arr_integr: 4.44 coef pide: 0.01 0.04 0.00 0.19 2
34.81 C 0:3:53 0.19 0.19 0.25 0.19 0.25 0.25 0.25 0.25 0.25 0.19 0.25 0.25 0.25 0.19 0.19 0.19 0.19 0.19 0.25 0.19 sum_arr_integr: 4.38 coef pide: 0.01 0.04 0.00 0.19 2
34.81 C 0:3:54 0.19 0.19 0.19 0.19 0.25 0.25 0.25 0.25 0.25 0.19 0.25 0.25 0.25 0.19 0.19 0.19 0.19 0.19 0.25 0.19 sum_arr_integr: 4.31 coef pide: 0.01 0.04 0.00 0.19 2
34.81 C 0:3:55 0.19 0.19 0.19 0.19 0.25 0.25 0.25 0.25 0.25 0.19 0.25 0.25 0.25 0.19 0.19 0.19 0.19 0.19 0.25 0.19 sum_arr_integr: 4.31 coef pide: 0.01 0.04 0.00 0.19 2
34.81 C 0:3:56 0.19 0.19 0.19 0.19 0.19 0.25 0.25 0.25 0.25 0.19 0.25 0.25 0.25 0.19 0.19 0.19 0.19 0.19 0.25 0.19 sum_arr_integr: 4.25 coef pide: 0.01 0.04 0.00 0.19 2
34.81 C 0:3:57 0.19 0.19 0.19 0.19 0.19 0.19 0.25 0.25 0.25 0.19 0.25 0.25 0.25 0.19 0.19 0.19 0.19 0.19 0.25 0.19 sum_arr_integr: 4.19 coef pide: 0.01 0.04 0.00 0.19 2
34.81 C 0:3:58 0.19 0.19 0.19 0.19 0.19 0.19 0.19 0.25 0.25 0.19 0.25 0.25 0.25 0.19 0.19 0.19 0.19 0.19 0.25 0.19 sum_arr_integr: 4.13 coef pide: 0.01 0.04 0.00 0.19 2
34.81 C 0:3:59 0.19 0.19 0.19 0.19 0.19 0.19 0.19 0.19 0.25 0.19 0.25 0.25 0.25 0.19 0.19 0.19 0.19 0.19 0.25 0.19 sum_arr_integr: 4.06 coef pide: 0.01 0.04 0.00 0.19 2
34.81 C 0:4:0 0.19 0.19 0.19 0.19 0.19 0.19 0.19 0.19 0.19 0.19 0.25 0.25 0.25 0.19 0.19 0.19 0.19 0.19 0.25 0.19 sum_arr_integr: 4.00 coef pide: 0.01 0.04 0.00 0.19 2
34.81 C 0:4:1 0.19 0.19 0.19 0.19 0.19 0.19 0.19 0.19 0.19 0.19 0.25 0.25 0.25 0.19 0.19 0.19 0.19 0.19 0.25 0.19 sum_arr_integr: 4.00 coef pide: 0.01 0.04 0.00 0.19 2
34.81 C 0:4:2 0.19 0.19 0.19 0.19 0.19 0.19 0.19 0.19 0.19 0.19 0.19 0.25 0.25 0.19 0.19 0.19 0.19 0.19 0.25 0.19 sum_arr_integr: 3.94 coef pide: 0.01 0.04 0.00 0.19 2
34.81 C 0:4:3 0.19 0.19 0.19 0.19 0.19 0.19 0.19 0.19 0.19 0.19 0.19 0.19 0.25 0.19 0.19 0.19 0.19 0.19 0.25 0.19 sum_arr_integr: 3.88 coef pide: 0.01 0.04 0.00 0.19 2
34.81 C 0:4:4 0.19 0.19 0.19 0.19 0.19 0.19 0.19 0.19 0.19 0.19 0.19 0.19 0.19 0.19 0.19 0.19 0.19 0.19 0.25 0.19 sum_arr_integr: 3.81 coef pide: 0.01 0.04 0.00 0.19 2
34.81 C 0:4:5 0.19 0.19 0.19 0.19 0.19 0.19 0.19 0.19 0.19 0.19 0.19 0.19 0.19 0.19 0.19 0.19 0.19 0.19 0.25 0.19 sum_arr_integr: 3.81 coef pide: 0.01 0.04 0.00 0.19 2
34.81 C 0:4:6 0.19 0.19 0.19 0.19 0.19 0.19 0.19 0.19 0.19 0.19 0.19 0.19 0.19 0.19 0.19 0.19 0.19 0.19 0.25 0.19 sum_arr_integr: 3.81 coef pide: 0.01 0.04 0.00 0.19 2
34.81 C 0:4:7 0.19 0.19 0.19 0.19 0.19 0.19 0.19 0.19 0.19 0.19 0.19 0.19 0.19 0.19 0.19 0.19 0.19 0.19 0.25 0.19 sum_arr_integr: 3.81 coef pide: 0.01 0.04 0.00 0.19 2
34.81 C 0:4:8 0.19 0.19 0.19 0.19 0.19 0.19 0.19 0.19 0.19 0.19 0.19 0.19 0.19 0.19 0.19 0.19 0.19 0.19 0.25 0.19 sum_arr_integr: 3.81 coef pide: 0.01 0.04 0.00 0.19 2
34.81 C 0:4:9 0.19 0.19 0.19 0.19 0.19 0.19 0.19 0.19 0.19 0.19 0.19 0.19 0.19 0.19 0.19 0.19 0.19 0.19 0.25 0.19 sum_arr_integr: 3.81 coef pide: 0.01 0.04 0.00 0.19 2
34.81 C 0:4:10 0.19 0.19 0.19 0.19 0.19 0.19 0.19 0.19 0.19 0.19 0.19 0.19 0.19 0.19 0.19 0.19 0.19 0.19 0.19 0.19 sum_arr_integr: 3.75 coef pide: 0.01 0.04 0.00 0.19 2
34.81 C 0:4:11 0.19 0.19 0.19 0.19 0.19 0.19 0.19 0.19 0.19 0.19 0.19 0.19 0.19 0.19 0.19 0.19 0.19 0.19 0.19 0.19 sum_arr_integr: 3.75 coef pide: 0.01 0.04 0.00 0.19 2
34.81 C 0:4:12 0.19 0.19 0.19 0.19 0.19 0.19 0.19 0.19 0.19 0.19 0.19 0.19 0.19 0.19 0.19 0.19 0.19 0.19 0.19 0.19 sum_arr_integr: 3.75 coef pide: 0.01 0.04 0.00 0.19 2
34.81 C 0:4:13 0.19 0.19 0.19 0.19 0.19 0.19 0.19 0.19 0.19 0.19 0.19 0.19 0.19 0.19 0.19 0.19 0.19 0.19 0.19 0.19 sum_arr_integr: 3.75 coef pide: 0.01 0.04 0.00 0.19 2
34.81 C 0:4:14 0.19 0.19 0.19 0.19 0.19 0.19 0.19 0.19 0.19 0.19 0.19 0.19 0.19 0.19 0.19 0.19 0.19 0.19 0.19 0.19 sum_arr_integr: 3.75 coef pide: 0.01 0.04 0.00 0.19 2
34.81 C 0:4:15 0.19 0.19 0.19 0.19 0.19 0.19 0.19 0.19 0.19 0.19 0.19 0.19 0.19 0.19 0.19 0.19 0.19 0.19 0.19 0.19 sum_arr_integr: 3.75 coef pide: 0.01 0.04 0.00 0.19 2
34.81 C 0:4:16 0.19 0.19 0.19 0.19 0.19 0.19 0.19 0.19 0.19 0.19 0.19 0.19 0.19 0.19 0.19 0.19 0.19 0.19 0.19 0.19 sum_arr_integr: 3.75 coef pide: 0.01 0.04 0.00 0.19 2
34.81 C 0:4:17 0.19 0.19 0.19 0.19 0.19 0.19 0.19 0.19 0.19 0.19 0.19 0.19 0.19 0.19 0.19 0.19 0.19 0.19 0.19 0.19 sum_arr_integr: 3.75 coef pide: 0.01 0.04 0.00 0.19 2
34.81 C 0:4:18 0.19 0.19 0.19 0.19 0.19 0.19 0.19 0.19 0.19 0.19 0.19 0.19 0.19 0.19 0.19 0.19 0.19 0.19 0.19 0.19 sum_arr_integr: 3.75 coef pide: 0.01 0.04 0.00 0.19 2
34.81 C 0:4:19 0.19 0.19 0.19 0.19 0.19 0.19 0.19 0.19 0.19 0.19 0.19 0.19 0.19 0.19 0.19 0.19 0.19 0.19 0.19 0.19 sum_arr_integr: 3.75 coef pide: 0.01 0.04 0.00 0.19 2
34.81 C 0:4:20 0.19 0.19 0.19 0.19 0.19 0.19 0.19 0.19 0.19 0.19 0.19 0.19 0.19 0.19 0.19 0.19 0.19 0.19 0.19 0.19 sum_arr_integr: 3.75 coef pide: 0.01 0.04 0.00 0.19 2
34.81 C 0:4:21 0.19 0.19 0.19 0.19 0.19 0.19 0.19 0.19 0.19 0.19 0.19 0.19 0.19 0.19 0.19 0.19 0.19 0.19 0.19 0.19 sum_arr_integr: 3.75 coef pide: 0.01 0.04 0.00 0.19 2
34.81 C 0:4:22 0.19 0.19 0.19 0.19 0.19 0.19 0.19 0.19 0.19 0.19 0.19 0.19 0.19 0.19 0.19 0.19 0.19 0.19 0.19 0.19 sum_arr_integr: 3.75 coef pide: 0.01 0.04 0.00 0.19 2
34.81 C 0:4:23 0.19 0.19 0.19 0.19 0.19 0.19 0.19 0.19 0.19 0.19 0.19 0.19 0.19 0.19 0.19 0.19 0.19 0.19 0.19 0.19 sum_arr_integr: 3.75 coef pide: 0.01 0.04 0.00 0.19 2
34.81 C 0:4:24 0.19 0.19 0.19 0.19 0.19 0.19 0.19 0.19 0.19 0.19 0.19 0.19 0.19 0.19 0.19 0.19 0.19 0.19 0.19 0.19 sum_arr_integr: 3.75 coef pide: 0.01 0.04 0.00 0.19 2
34.81 C 0:4:25 0.19 0.19 0.19 0.19 0.19 0.19 0.19 0.19 0.19 0.19 0.19 0.19 0.19 0.19 0.19 0.19 0.19 0.19 0.19 0.19 sum_arr_integr: 3.75 coef pide: 0.01 0.04 0.00 0.19 2
34.81 C 0:4:26 0.19 0.19 0.19 0.19 0.19 0.19 0.19 0.19 0.19 0.19 0.19 0.19 0.19 0.19 0.19 0.19 0.19 0.19 0.19 0.19 sum_arr_integr: 3.75 coef pide: 0.01 0.04 0.00 0.19 2
34.81 C 0:4:27 0.19 0.19 0.19 0.19 0.19 0.19 0.19 0.19 0.19 0.19 0.19 0.19 0.19 0.19 0.19 0.19 0.19 0.19 0.19 0.19 sum_arr_integr: 3.75 coef pide: 0.01 0.04 0.00 0.19 2
34.81 C 0:4:28 0.19 0.19 0.19 0.19 0.19 0.19 0.19 0.19 0.19 0.19 0.19 0.19 0.19 0.19 0.19 0.19 0.19 0.19 0.19 0.19 sum_arr_integr: 3.75 coef pide: 0.01 0.04 0.00 0.19 2
34.81 C 0:4:29 0.19 0.19 0.19 0.19 0.19 0.19 0.19 0.19 0.19 0.19 0.19 0.19 0.19 0.19 0.19 0.19 0.19 0.19 0.19 0.19 sum_arr_integr: 3.75 coef pide: 0.01 0.04 0.00 0.19 2
34.81 C 0:4:30 0.19 0.19 0.19 0.19 0.19 0.19 0.19 0.19 0.19 0.19 0.19 0.19 0.19 0.19 0.19 0.19 0.19 0.19 0.19 0.19 sum_arr_integr: 3.75 coef pide: 0.01 0.04 0.00 0.19 2
34.81 C 0:4:31 0.19 0.19 0.19 0.19 0.19 0.19 0.19 0.19 0.19 0.19 0.19 0.19 0.19 0.19 0.19 0.19 0.19 0.19 0.19 0.19 sum_arr_integr: 3.75 coef pide: 0.01 0.04 0.00 0.19 2
34.81 C 0:4:32 0.19 0.19 0.19 0.19 0.19 0.19 0.19 0.19 0.19 0.19 0.19 0.19 0.19 0.19 0.19 0.19 0.19 0.19 0.19 0.19 sum_arr_integr: 3.75 coef pide: 0.01 0.04 0.00 0.19 2
34.81 C 0:4:33 0.19 0.19 0.19 0.19 0.19 0.19 0.19 0.19 0.19 0.19 0.19 0.19 0.19 0.19 0.19 0.19 0.19 0.19 0.19 0.19 sum_arr_integr: 3.75 coef pide: 0.01 0.04 0.00 0.19 2
34.81 C 0:4:34 0.19 0.19 0.19 0.19 0.19 0.19 0.19 0.19 0.19 0.19 0.19 0.19 0.19 0.19 0.19 0.19 0.19 0.19 0.19 0.19 sum_arr_integr: 3.75 coef pide: 0.01 0.04 0.00 0.19 2
34.81 C 0:4:35 0.19 0.19 0.19 0.19 0.19 0.19 0.19 0.19 0.19 0.19 0.19 0.19 0.19 0.19 0.19 0.19 0.19 0.19 0.19 0.19 sum_arr_integr: 3.75 coef pide: 0.01 0.04 0.00 0.19 2
34.81 C 0:4:36 0.19 0.19 0.19 0.19 0.19 0.19 0.19 0.19 0.19 0.19 0.19 0.19 0.19 0.19 0.19 0.19 0.19 0.19 0.19 0.19 sum_arr_integr: 3.75 coef pide: 0.01 0.04 0.00 0.19 2
34.81 C 0:4:37 0.19 0.19 0.19 0.19 0.19 0.19 0.19 0.19 0.19 0.19 0.19 0.19 0.19 0.19 0.19 0.19 0.19 0.19 0.19 0.19 sum_arr_integr: 3.75 coef pide: 0.01 0.04 0.00 0.19 2
34.81 C 0:4:38 0.19 0.19 0.19 0.19 0.19 0.19 0.19 0.19 0.19 0.19 0.19 0.19 0.19 0.19 0.19 0.19 0.19 0.19 0.19 0.19 sum_arr_integr: 3.75 coef pide: 0.01 0.04 0.00 0.19 2
34.81 C 0:4:39 0.19 0.19 0.19 0.19 0.19 0.19 0.19 0.19 0.19 0.19 0.19 0.19 0.19 0.19 0.19 0.19 0.19 0.19 0.19 0.19 sum_arr_integr: 3.75 coef pide: 0.01 0.04 0.00 0.19 2
34.81 C 0:4:40 0.19 0.19 0.19 0.19 0.19 0.19 0.19 0.19 0.19 0.19 0.19 0.19 0.19 0.19 0.19 0.19 0.19 0.19 0.19 0.19 sum_arr_integr: 3.75 coef pide: 0.01 0.04 0.00 0.19 2
34.81 C 0:4:41 0.19 0.19 0.19 0.19 0.19 0.19 0.19 0.19 0.19 0.19 0.19 0.19 0.19 0.19 0.19 0.19 0.19 0.19 0.19 0.19 sum_arr_integr: 3.75 coef pide: 0.01 0.04 0.00 0.19 2
34.81 C 0:4:42 0.19 0.19 0.19 0.19 0.19 0.19 0.19 0.19 0.19 0.19 0.19 0.19 0.19 0.19 0.19 0.19 0.19 0.19 0.19 0.19 sum_arr_integr: 3.75 coef pide: 0.01 0.04 0.00 0.19 2
34.81 C 0:4:43 0.19 0.19 0.19 0.19 0.19 0.19 0.19 0.19 0.19 0.19 0.19 0.19 0.19 0.19 0.19 0.19 0.19 0.19 0.19 0.19 sum_arr_integr: 3.75 coef pide: 0.01 0.04 0.00 0.19 2
34.81 C 0:4:44 0.19 0.19 0.19 0.19 0.19 0.19 0.19 0.19 0.19 0.19 0.19 0.19 0.19 0.19 0.19 0.19 0.19 0.19 0.19 0.19 sum_arr_integr: 3.75 coef pide: 0.01 0.04 0.00 0.19 2
34.81 C 0:4:45 0.19 0.19 0.19 0.19 0.19 0.19 0.19 0.19 0.19 0.19 0.19 0.19 0.19 0.19 0.19 0.19 0.19 0.19 0.19 0.19 sum_arr_integr: 3.75 coef pide: 0.01 0.04 0.00 0.19 2
34.81 C 0:4:46 0.19 0.19 0.19 0.19 0.19 0.19 0.19 0.19 0.19 0.19 0.19 0.19 0.19 0.19 0.19 0.19 0.19 0.19 0.19 0.19 sum_arr_integr: 3.75 coef pide: 0.01 0.04 0.00 0.19 2
34.81 C 0:4:47 0.19 0.19 0.19 0.19 0.19 0.19 0.19 0.19 0.19 0.19 0.19 0.19 0.19 0.19 0.19 0.19 0.19 0.19 0.19 0.19 sum_arr_integr: 3.75 coef pide: 0.01 0.04 0.00 0.19 2
34.81 C 0:4:48 0.19 0.19 0.19 0.19 0.19 0.19 0.19 0.19 0.19 0.19 0.19 0.19 0.19 0.19 0.19 0.19 0.19 0.19 0.19 0.19 sum_arr_integr: 3.75 coef pide: 0.01 0.04 0.00 0.19 2
34.81 C 0:4:49 0.19 0.19 0.19 0.19 0.19 0.19 0.19 0.19 0.19 0.19 0.19 0.19 0.19 0.19 0.19 0.19 0.19 0.19 0.19 0.19 sum_arr_integr: 3.75 coef pide: 0.01 0.04 0.00 0.19 2
34.81 C 0:4:50 0.19 0.19 0.19 0.19 0.19 0.19 0.19 0.19 0.19 0.19 0.19 0.19 0.19 0.19 0.19 0.19 0.19 0.19 0.19 0.19 sum_arr_integr: 3.75 coef pide: 0.01 0.04 0.00 0.19 2
34.81 C 0:4:51 0.19 0.19 0.19 0.19 0.19 0.19 0.19 0.19 0.19 0.19 0.19 0.19 0.19 0.19 0.19 0.19 0.19 0.19 0.19 0.19 sum_arr_integr: 3.75 coef pide: 0.01 0.04 0.00 0.19 2
34.81 C 0:4:52 0.19 0.19 0.19 0.19 0.19 0.19 0.19 0.19 0.19 0.19 0.19 0.19 0.19 0.19 0.19 0.19 0.19 0.19 0.19 0.19 sum_arr_integr: 3.75 coef pide: 0.01 0.04 0.00 0.19 2
34.81 C 0:4:53 0.19 0.19 0.19 0.19 0.19 0.19 0.19 0.19 0.19 0.19 0.19 0.19 0.19 0.19 0.19 0.19 0.19 0.19 0.19 0.19 sum_arr_integr: 3.75 coef pide: 0.01 0.04 0.00 0.19 2
34.81 C 0:4:54 0.19 0.19 0.19 0.19 0.19 0.19 0.19 0.19 0.19 0.19 0.19 0.19 0.19 0.19 0.19 0.19 0.19 0.19 0.19 0.19 sum_arr_integr: 3.75 coef pide: 0.01 0.04 0.00 0.19 2
34.81 C 0:4:55 0.19 0.19 0.19 0.19 0.19 0.19 0.19 0.19 0.19 0.19 0.19 0.19 0.19 0.19 0.19 0.19 0.19 0.19 0.19 0.19 sum_arr_integr: 3.75 coef pide: 0.01 0.04 0.00 0.19 2
34.81 C 0:4:56 0.19 0.19 0.19 0.19 0.19 0.19 0.19 0.19 0.19 0.19 0.19 0.19 0.19 0.19 0.19 0.19 0.19 0.19 0.19 0.19 sum_arr_integr: 3.75 coef pide: 0.01 0.04 0.00 0.19 2
34.81 C 0:4:57 0.19 0.19 0.19 0.19 0.19 0.19 0.19 0.19 0.19 0.19 0.19 0.19 0.19 0.19 0.19 0.19 0.19 0.19 0.19 0.19 sum_arr_integr: 3.75 coef pide: 0.01 0.04 0.00 0.19 2
34.81 C 0:4:58 0.19 0.19 0.19 0.19 0.19 0.19 0.19 0.19 0.19 0.19 0.19 0.19 0.19 0.19 0.19 0.19 0.19 0.19 0.19 0.19 sum_arr_integr: 3.75 coef pide: 0.01 0.04 0.00 0.19 2
34.81 C 0:4:59 0.19 0.19 0.19 0.19 0.19 0.19 0.19 0.19 0.19 0.19 0.19 0.19 0.19 0.19 0.19 0.19 0.19 0.19 0.19 0.19 sum_arr_integr: 3.75 coef pide: 0.01 0.04 0.00 0.19 2
34.81 C 0:5:0 0.19 0.19 0.19 0.19 0.19 0.19 0.19 0.19 0.19 0.19 0.19 0.19 0.19 0.19 0.19 0.19 0.19 0.19 0.19 0.19 sum_arr_integr: 3.75 coef pide: 0.01 0.04 0.00 0.19 2
34.81 C 0:5:1 0.19 0.19 0.19 0.19 0.19 0.19 0.19 0.19 0.19 0.19 0.19 0.19 0.19 0.19 0.19 0.19 0.19 0.19 0.19 0.19 sum_arr_integr: 3.75 coef pide: 0.01 0.04 0.00 0.19 2
34.81 C 0:5:2 0.19 0.19 0.19 0.19 0.19 0.19 0.19 0.19 0.19 0.19 0.19 0.19 0.19 0.19 0.19 0.19 0.19 0.19 0.19 0.19 sum_arr_integr: 3.75 coef pide: 0.01 0.04 0.00 0.19 2
34.81 C 0:5:3 0.19 0.19 0.19 0.19 0.19 0.19 0.19 0.19 0.19 0.19 0.19 0.19 0.19 0.19 0.19 0.19 0.19 0.19 0.19 0.19 sum_arr_integr: 3.75 coef pide: 0.01 0.04 0.00 0.19 2
34.81 C 0:5:4 0.19 0.19 0.19 0.19 0.19 0.19 0.19 0.19 0.19 0.19 0.19 0.19 0.19 0.19 0.19 0.19 0.19 0.19 0.19 0.19 sum_arr_integr: 3.75 coef pide: 0.01 0.04 0.00 0.19 2
34.81 C 0:5:5 0.19 0.19 0.19 0.19 0.19 0.19 0.19 0.19 0.19 0.19 0.19 0.19 0.19 0.19 0.19 0.19 0.19 0.19 0.19 0.19 sum_arr_integr: 3.75 coef pide: 0.01 0.04 0.00 0.19 2
34.81 C 0:5:6 0.19 0.19 0.19 0.19 0.19 0.19 0.19 0.19 0.19 0.19 0.19 0.19 0.19 0.19 0.19 0.19 0.19 0.19 0.19 0.19 sum_arr_integr: 3.75 coef pide: 0.01 0.04 0.00 0.19 2
34.81 C 0:5:7 0.19 0.19 0.19 0.19 0.19 0.19 0.19 0.19 0.19 0.19 0.19 0.19 0.19 0.19 0.19 0.19 0.19 0.19 0.19 0.19 sum_arr_integr: 3.75 coef pide: 0.01 0.04 0.00 0.19 2
34.81 C 0:5:8 0.19 0.19 0.19 0.19 0.19 0.19 0.19 0.19 0.19 0.19 0.19 0.19 0.19 0.19 0.19 0.19 0.19 0.19 0.19 0.19 sum_arr_integr: 3.75 coef pide: 0.01 0.04 0.00 0.19 2
34.81 C 0:5:9 0.19 0.19 0.19 0.19 0.19 0.19 0.19 0.19 0.19 0.19 0.19 0.19 0.19 0.19 0.19 0.19 0.19 0.19 0.19 0.19 sum_arr_integr: 3.75 coef pide: 0.01 0.04 0.00 0.19 2
34.81 C 0:5:10 0.19 0.19 0.19 0.19 0.19 0.19 0.19 0.19 0.19 0.19 0.19 0.19 0.19 0.19 0.19 0.19 0.19 0.19 0.19 0.19 sum_arr_integr: 3.75 coef pide: 0.01 0.04 0.00 0.19 2
34.81 C 0:5:11 0.19 0.19 0.19 0.19 0.19 0.19 0.19 0.19 0.19 0.19 0.19 0.19 0.19 0.19 0.19 0.19 0.19 0.19 0.19 0.19 sum_arr_integr: 3.75 coef pide: 0.01 0.04 0.00 0.19 2
34.81 C 0:5:12 0.19 0.19 0.19 0.19 0.19 0.19 0.19 0.19 0.19 0.19 0.19 0.19 0.19 0.19 0.19 0.19 0.19 0.19 0.19 0.19 sum_arr_integr: 3.75 coef pide: 0.01 0.04 0.00 0.19 2
34.81 C 0:5:13 0.19 0.19 0.19 0.19 0.19 0.19 0.19 0.19 0.19 0.19 0.19 0.19 0.19 0.19 0.19 0.19 0.19 0.19 0.19 0.19 sum_arr_integr: 3.75 coef pide: 0.01 0.04 0.00 0.19 2
34.81 C 0:5:14 0.19 0.19 0.19 0.19 0.19 0.19 0.19 0.19 0.19 0.19 0.19 0.19 0.19 0.19 0.19 0.19 0.19 0.19 0.19 0.19 sum_arr_integr: 3.75 coef pide: 0.01 0.04 0.00 0.19 2
34.81 C 0:5:15 0.19 0.19 0.19 0.19 0.19 0.19 0.19 0.19 0.19 0.19 0.19 0.19 0.19 0.19 0.19 0.19 0.19 0.19 0.19 0.19 sum_arr_integr: 3.75 coef pide: 0.01 0.04 0.00 0.19 2
34.81 C 0:5:16 0.19 0.19 0.19 0.19 0.19 0.19 0.19 0.19 0.19 0.19 0.19 0.19 0.19 0.19 0.19 0.19 0.19 0.19 0.19 0.19 sum_arr_integr: 3.75 coef pide: 0.01 0.04 0.00 0.19 2
34.81 C 0:5:17 0.19 0.19 0.19 0.19 0.19 0.19 0.19 0.19 0.19 0.19 0.19 0.19 0.19 0.19 0.19 0.19 0.19 0.19 0.19 0.19 sum_arr_integr: 3.75 coef pide: 0.01 0.04 0.00 0.19 2
34.81 C 0:5:18 0.19 0.19 0.19 0.19 0.19 0.19 0.19 0.19 0.19 0.19 0.19 0.19 0.19 0.19 0.19 0.19 0.19 0.19 0.19 0.19 sum_arr_integr: 3.75 coef pide: 0.01 0.04 0.00 0.19 2
34.81 C 0:5:19 0.19 0.19 0.19 0.19 0.19 0.19 0.19 0.19 0.19 0.19 0.19 0.19 0.19 0.19 0.19 0.19 0.19 0.19 0.19 0.19 sum_arr_integr: 3.75 coef pide: 0.01 0.04 0.00 0.19 2
34.81 C 0:5:20 0.19 0.19 0.19 0.19 0.19 0.19 0.19 0.19 0.19 0.19 0.19 0.19 0.19 0.19 0.19 0.19 0.19 0.19 0.19 0.19 sum_arr_integr: 3.75 coef pide: 0.01 0.04 0.00 0.19 2
34.81 C 0:5:21 0.19 0.19 0.19 0.19 0.19 0.19 0.19 0.19 0.19 0.19 0.19 0.19 0.19 0.19 0.19 0.19 0.19 0.19 0.19 0.19 sum_arr_integr: 3.75 coef pide: 0.01 0.04 0.00 0.19 2
34.81 C 0:5:22 0.19 0.19 0.19 0.19 0.19 0.19 0.19 0.19 0.19 0.19 0.19 0.19 0.19 0.19 0.19 0.19 0.19 0.19 0.19 0.19 sum_arr_integr: 3.75 coef pide: 0.01 0.04 0.00 0.19 2
34.81 C 0:5:23 0.19 0.19 0.19 0.19 0.19 0.19 0.19 0.19 0.19 0.19 0.19 0.19 0.19 0.19 0.19 0.19 0.19 0.19 0.19 0.19 sum_arr_integr: 3.75 coef pide: 0.01 0.04 0.00 0.19 2
3