=~=~=~=~=~=~=~=~=~=~=~= PuTTY log 2023.04.18 21:21:33 =~=~=~=~=~=~=~=~=~=~=~=
34.94 C 0:0:1 34 0 0 0 0 0 0 0 0 0 coef pide: 0.00 0.12 0.00 0.06 0
34.94 C 0:0:2 34 0 0 0 0 0 0 0 0 0 coef pide: 0.00 0.12 0.00 0.06 0
p
 pid on34.94 C 0:0:3 34 0 0 0 0 0 0 0 0 0 coef pide: 0.00 0.12 0.00 0.06 6
34.94 C 0:0:4 34 0 0 0 0 0 0 0 0 0 coef pide: 0.00 0.12 0.00 0.06 6
34.94 C 0:0:5 34 0 0 0 0 0 0 0 0 0 coef pide: 0.00 0.12 0.00 0.06 6
34.94 C 0:0:6 34 0 0 0 0 0 0 0 0 0 coef pide: 0.00 0.12 0.00 0.06 6
34.94 C 0:0:7 34 0 0 0 0 0 0 0 0 0 coef pide: 0.00 0.12 0.00 0.06 6
34.94 C 0:0:8 34 0 0 0 0 0 0 0 0 0 coef pide: 0.00 0.12 0.00 0.06 6
34.94 C 0:0:9 34 0 0 0 0 0 0 0 0 0 coef pide: 0.00 0.12 0.00 0.06 6
34.94 C 0:0:10 34 0 0 0 0 0 0 0 0 0 coef pide: 0.00 0.12 0.00 0.06 6
34.94 C 0:0:11 34 0 0 0 0 0 0 0 0 0 coef pide: 0.00 0.12 0.00 0.06 6
34.94 C 0:0:12 34 0 0 0 0 0 0 0 0 0 coef pide: 0.00 0.12 0.00 0.06 6
34.94 C 0:0:13 34 0 0 0 0 0 0 0 0 0 coef pide: 0.00 0.12 0.00 0.06 6
34.94 C 0:0:14 34 0 0 0 0 0 0 0 0 0 coef pide: 0.00 0.12 0.00 0.06 6
34.94 C 0:0:15 34 0 0 0 0 0 0 0 0 0 coef pide: 0.00 0.12 0.00 0.06 6
35.00 C 0:0:16 35 0 0 0 0 0 0 0 0 0 coef pide: 0.00 0.12 0.00 0.00 6
35.00 C 0:0:17 35 0 0 0 0 0 0 0 0 0 coef pide: 0.00 0.12 0.00 0.00 6
34.94 C 0:0:18 34 0 0 0 0 0 0 0 0 0 coef pide: 0.00 0.12 0.00 0.06 6
34.94 C 0:0:19 34 0 0 0 0 0 0 0 0 0 coef pide: 0.00 0.12 0.00 0.06 6
34.94 C 0:0:20 34 0 0 0 0 0 0 0 0 0 coef pide: 0.00 0.12 0.00 0.06 6
34.94 C 0:0:21 34 0 0 0 0 0 0 0 0 0 coef pide: 0.00 0.12 0.00 0.06 6
34.94 C 0:0:22 34 0 0 0 0 0 0 0 0 0 coef pide: 0.00 0.12 0.00 0.06 6
35.00 C 0:0:23 35 0 0 0 0 0 0 0 0 0 coef pide: 0.00 0.12 0.00 0.00 6
35.00 C 0:0:24 35 0 0 0 0 0 0 0 0 0 coef pide: 0.00 0.12 0.00 0.00 6
35.00 C 0:0:25 35 0 0 0 0 0 0 0 0 0 coef pide: 0.00 0.12 0.00 0.00 6
35.00 C 0:0:26 35 0 0 0 0 0 0 0 0 0 coef pide: 0.00 0.12 0.00 0.00 6
35.00 C 0:0:27 35 0 0 0 0 0 0 0 0 0 coef pide: 0.00 0.12 0.00 0.00 6
35.00 C 0:0:28 35 0 0 0 0 0 0 0 0 0 coef pide: 0.00 0.12 0.00 0.00 6
35.00 C 0:0:29 35 0 0 0 0 0 0 0 0 0 coef pide: 0.00 0.12 0.00 0.00 6
35.00 C 0:0:30 35 0 0 0 0 0 0 0 0 0 coef pide: 0.00 0.12 0.00 0.00 6
35.00 C 0:0:31 35 0 0 0 0 0 0 0 0 0 coef pide: 0.00 0.12 0.00 0.00 6
35.00 C 0:0:32 35 0 0 0 0 0 0 0 0 0 coef pide: 0.00 0.12 0.00 0.00 6
35.00 C 0:0:33 35 0 0 0 0 0 0 0 0 0 coef pide: 0.00 0.12 0.00 0.00 6
35.00 C 0:0:34 35 0 0 0 0 0 0 0 0 0 coef pide: 0.00 0.12 0.00 0.00 6
35.00 C 0:0:35 35 0 0 0 0 0 0 0 0 0 coef pide: 0.00 0.12 0.00 0.00 6
34.94 C 0:0:36 34 0 0 0 0 0 0 0 0 0 coef pide: 0.00 0.12 0.00 0.06 6
34.94 C 0:0:37 34 0 0 0 0 0 0 0 0 0 coef pide: 0.00 0.12 0.00 0.06 6
35.00 C 0:0:38 35 0 0 0 0 0 0 0 0 0 coef pide: 0.00 0.12 0.00 0.00 6
35.00 C 0:0:39 35 0 0 0 0 0 0 0 0 0 coef pide: 0.00 0.12 0.00 0.00 6
35.00 C 0:0:40 35 0 0 0 0 0 0 0 0 0 coef pide: 0.00 0.12 0.00 0.00 6
35.00 C 0:0:41 35 0 0 0 0 0 0 0 0 0 coef pide: 0.00 0.12 0.00 0.00 6
34.94 C 0:0:42 34 0 0 0 0 0 0 0 0 0 coef pide: 0.00 0.12 0.00 0.06 6
35.00 C 0:0:43 35 0 0 0 0 0 0 0 0 0 coef pide: 0.00 0.12 0.00 0.00 6
35.00 C 0:0:44 35 0 0 0 0 0 0 0 0 0 coef pide: 0.00 0.12 0.00 0.00 6
35.00 C 0:0:45 35 0 0 0 0 0 0 0 0 0 coef pide: 0.00 0.12 0.00 0.00 6
34.94 C 0:0:46 34 0 0 0 0 0 0 0 0 0 coef pide: 0.00 0.12 0.00 0.06 6
35.00 C 0:0:47 35 0 0 0 0 0 0 0 0 0 coef pide: 0.00 0.12 0.00 0.00 6
35.00 C 0:0:48 35 0 0 0 0 0 0 0 0 0 coef pide: 0.00 0.12 0.00 0.00 6
35.00 C 0:0:49 35 0 0 0 0 0 0 0 0 0 coef pide: 0.00 0.12 0.00 0.00 6
35.00 C 0:0:50 35 0 0 0 0 0 0 0 0 0 coef pide: 0.00 0.12 0.00 0.00 6
35.00 C 0:0:51 35 0 0 0 0 0 0 0 0 0 coef pide: 0.00 0.12 0.00 0.00 6
35.00 C 0:0:52 35 0 0 0 0 0 0 0 0 0 coef pide: 0.00 0.12 0.00 0.00 6
35.00 C 0:0:53 35 0 0 0 0 0 0 0 0 0 coef pide: 0.00 0.12 0.00 0.00 6
35.00 C 0:0:54 35 0 0 0 0 0 0 0 0 0 coef pide: 0.00 0.12 0.00 0.00 6
35.00 C 0:0:55 35 0 0 0 0 0 0 0 0 0 coef pide: 0.00 0.12 0.00 0.00 6
35.00 C 0:0:56 35 0 0 0 0 0 0 0 0 0 coef pide: 0.00 0.12 0.00 0.00 6
35.00 C 0:0:57 35 0 0 0 0 0 0 0 0 0 coef pide: 0.00 0.12 0.00 0.00 6
35.00 C 0:0:58 35 0 0 0 0 0 0 0 0 0 coef pide: 0.00 0.12 0.00 0.00 6
35.00 C 0:0:59 35 0 0 0 0 0 0 0 0 0 coef pide: 0.00 0.12 0.00 0.00 6
35.00 C 0:1:0 35 0 0 0 0 0 0 0 0 0 coef pide: 0.00 0.12 0.00 0.00 6
35.00 C 0:1:1 35 0 0 0 0 0 0 0 0 0 coef pide: 0.00 0.12 0.00 0.00 6
35.00 C 0:1:2 35 0 0 0 0 0 0 0 0 0 coef pide: 0.00 0.12 0.00 0.00 6
35.00 C 0:1:3 35 0 0 0 0 0 0 0 0 0 coef pide: 0.00 0.12 0.00 0.00 6
35.00 C 0:1:4 35 0 0 0 0 0 0 0 0 0 coef pide: 0.00 0.12 0.00 0.00 6
35.00 C 0:1:5 35 0 0 0 0 0 0 0 0 0 coef pide: 0.00 0.12 0.00 0.00 6
p
 pid off35.00 C 0:1:6 35 0 0 0 0 0 0 0 0 0 coef pide: 0.00 0.12 0.00 0.00 0
35.00 C 0:1:7 35 0 0 0 0 0 0 0 0 0 coef pide: 0.00 0.12 0.00 0.00 0
35.00 C 0:1:8 35 0 0 0 0 0 0 0 0 0 coef pide: 0.00 0.12 0.00 0.00 0
35.00 C 0:1:9 35 0 0 0 0 0 0 0 0 0 coef pide: 0.00 0.12 0.00 0.00 0
35.00 C 0:1:10 35 0 0 0 0 0 0 0 0 0 coef pide: 0.00 0.12 0.00 0.00 0
35.00 C 0:1:11 35 0 0 0 0 0 0 0 0 0 coef pide: 0.00 0.12 0.00 0.00 0
35.00 C 0:1:12 35 0 0 0 0 0 0 0 0 0 coef pide: 0.00 0.12 0.00 0.00 0
35.00 C 0:1:13 35 0 0 0 0 0 0 0 0 0 coef pide: 0.00 0.12 0.00 0.00 0
35.00 C 0:1:14 35 0 0 0 0 0 0 0 0 0 coef pide: 0.00 0.12 0.00 0.00 0
35.00 C 0:1:15 35 0 0 0 0 0 0 0 0 0 coef pide: 0.00 0.12 0.00 0.00 0
35.00 C 0:1:16 35 0 0 0 0 0 0 0 0 0 coef pide: 0.00 0.12 0.00 0.00 0
35.00 C 0:1:17 35 0 0 0 0 0 0 0 0 0 coef pide: 0.00 0.12 0.00 0.00 0
35.00 C 0:1:18 35 0 0 0 0 0 0 0 0 0 coef pide: 0.00 0.12 0.00 0.00 0
35.00 C 0:1:19 35 0 0 0 0 0 0 0 0 0 coef pide: 0.00 0.12 0.00 0.00 0
35.00 C 0:1:20 35 0 0 0 0 0 0 0 0 0 coef pide: 0.00 0.12 0.00 0.00 0
35.00 C 0:1:21 35 0 0 0 0 0 0 0 0 0 coef pide: 0.00 0.12 0.00 0.00 0
35.00 C 0:1:22 35 0 0 0 0 0 0 0 0 0 coef pide: 0.00 0.12 0.00 0.00 0
35.00 C 0:1:23 35 0 0 0 0 0 0 0 0 0 coef pide: 0.00 0.12 0.00 0.00 0
35.00 C 0:1:24 35 0 0 0 0 0 0 0 0 0 coef pide: 0.00 0.12 0.00 0.00 0
35.00 C 0:1:25 35 0 0 0 0 0 0 0 0 0 coef pide: 0.00 0.12 0.00 0.00 0
35.00 C 0:1:26 35 0 0 0 0 0 0 0 0 0 coef pide: 0.00 0.12 0.00 0.00 0
35.00 C 0:1:27 35 0 0 0 0 0 0 0 0 0 coef pide: 0.00 0.12 0.00 0.00 0
35.00 C 0:1:28 35 0 0 0 0 0 0 0 0 0 coef pide: 0.00 0.12 0.00 0.00 0
35.00 C 0:1:29 35 0 0 0 0 0 0 0 0 0 coef pide: 0.00 0.12 0.00 0.00 0
35.00 C 0:1:30 35 0 0 0 0 0 0 0 0 0 coef pide: 0.00 0.12 0.00 0.00 0
35.00 C 0:1:31 35 0 0 0 0 0 0 0 0 0 coef pide: 0.00 0.12 0.00 0.00 0
35.00 C 0:1:32 35 0 0 0 0 0 0 0 0 0 coef pide: 0.00 0.12 0.00 0.00 0
35.00 C 0:1:33 35 0 0 0 0 0 0 0 0 0 coef pide: 0.00 0.12 0.00 0.00 0
35.00 C 0:1:34 35 0 0 0 0 0 0 0 0 0 coef pide: 0.00 0.12 0.00 0.00 0
35.00 C 0:1:35 35 0 0 0 0 0 0 0 0 0 coef pide: 0.00 0.12 0.00 0.00 0
35.00 C 0:1:36 35 0 0 0 0 0 0 0 0 0 coef pide: 0.00 0.12 0.00 0.00 0
35.00 C 0:1:37 35 0 0 0 0 0 0 0 0 0 coef pide: 0.00 0.12 0.00 0.00 0
35.00 C 0:1:38 35 0 0 0 0 0 0 0 0 0 coef pide: 0.00 0.12 0.00 0.00 0
35.00 C 0:1:39 35 0 0 0 0 0 0 0 0 0 coef pide: 0.00 0.12 0.00 0.00 0
35.00 C 0:1:40 35 0 0 0 0 0 0 0 0 0 coef pide: 0.00 0.12 0.00 0.00 0
35.00 C 0:1:41 35 0 0 0 0 0 0 0 0 0 coef pide: 0.00 0.12 0.00 0.00 0
35.00 C 0:1:42 35 0 0 0 0 0 0 0 0 0 coef pide: 0.00 0.12 0.00 0.00 0
35.00 C 0:1:43 35 0 0 0 0 0 0 0 0 0 coef pide: 0.00 0.12 0.00 0.00 0
35.00 C 0:1:44 35 0 0 0 0 0 0 0 0 0 coef pide: 0.00 0.12 0.00 0.00 0
35.00 C 0:1:45 35 0 0 0 0 0 0 0 0 0 coef pide: 0.00 0.12 0.00 0.00 0
35.00 C 0:1:46 35 0 0 0 0 0 0 0 0 0 coef pide: 0.00 0.12 0.00 0.00 0
35.00 C 0:1:47 35 0 0 0 0 0 0 0 0 0 coef pide: 0.00 0.12 0.00 0.00 0
35.00 C 0:1:48 35 0 0 0 0 0 0 0 0 0 coef pide: 0.00 0.12 0.00 0.00 0
35.00 C 0:1:49 35 0 0 0 0 0 0 0 0 0 coef pide: 0.00 0.12 0.00 0.00 0
35.00 C 0:1:50 35 0 0 0 0 0 0 0 0 0 coef pide: 0.00 0.12 0.00 0.00 0
35.00 C 0:1:51 35 0 0 0 0 0 0 0 0 0 coef pide: 0.00 0.12 0.00 0.00 0
35.00 C 0:1:52 35 0 0 0 0 0 0 0 0 0 coef pide: 0.00 0.12 0.00 0.00 0
35.00 C 0:1:53 35 0 0 0 0 0 0 0 0 0 coef pide: 0.00 0.12 0.00 0.00 0
35.00 C 0:1:54 35 0 0 0 0 0 0 0 0 0 coef pide: 0.00 0.12 0.00 0.00 0
35.00 C 0:1:55 35 0 0 0 0 0 0 0 0 0 coef pide: 0.00 0.12 0.00 0.00 0
35.00 C 0:1:56 35 0 0 0 0 0 0 0 0 0 coef pide: 0.00 0.12 0.00 0.00 0
35.00 C 0:1:57 35 0 0 0 0 0 0 0 0 0 coef pide: 0.00 0.12 0.00 0.00 0
35.00 C 0:1:58 35 0 0 0 0 0 0 0 0 0 coef pide: 0.00 0.12 0.00 0.00 0
35.00 C 0:1:59 35 0 0 0 0 0 0 0 0 0 coef pide: 0.00 0.12 0.00 0.00 0
35.06 C 0:2:0 coef pide: -0.00 0.00 0.00 -0.06 0
35.06 C 0:2:1 coef pide: -0.00 0.00 0.00 -0.06 0
35.00 C 0:2:2 35 0 0 0 0 0 0 0 0 0 coef pide: 0.00 0.12 0.00 0.00 0
35.00 C 0:2:3 35 0 0 0 0 0 0 0 0 0 coef pide: 0.00 0.12 0.00 0.00 0
35.00 C 0:2:4 35 0 0 0 0 0 0 0 0 0 coef pide: 0.00 0.12 0.00 0.00 0
35.00 C 0:2:5 35 0 0 0 0 0 0 0 0 0 coef pide: 0.00 0.12 0.00 0.00 0
35.00 C 0:2:6 35 0 0 0 0 0 0 0 0 0 coef pide: 0.00 0.12 0.00 0.00 0
35.00 C 0:2:7 35 0 0 0 0 0 0 0 0 0 coef pide: 0.00 0.12 0.00 0.00 0
35.06 C 0:2:8 coef pide: -0.00 0.00 0.00 -0.06 0
35.06 C 0:2:9 coef pide: -0.00 0.00 0.00 -0.06 0
35.00 C 0:2:10 35 0 0 0 0 0 0 0 0 0 coef pide: 0.00 0.12 0.00 0.00 0
35.00 C 0:2:11 35 0 0 0 0 0 0 0 0 0 coef pide: 0.00 0.12 0.00 0.00 0
35.00 C 0:2:12 35 0 0 0 0 0 0 0 0 0 coef pide: 0.00 0.12 0.00 0.00 0
35.00 C 0:2:13 35 0 0 0 0 0 0 0 0 0 coef pide: 0.00 0.12 0.00 0.00 0
35.00 C 0:2:14 35 0 0 0 0 0 0 0 0 0 coef pide: 0.00 0.12 0.00 0.00 0
35.00 C 0:2:15 35 0 0 0 0 0 0 0 0 0 coef pide: 0.00 0.12 0.00 0.00 0
35.06 C 0:2:16 coef pide: -0.00 0.00 0.00 -0.06 0
35.00 C 0:2:17 35 0 0 0 0 0 0 0 0 0 coef pide: 0.00 0.12 0.00 0.00 0
35.00 C 0:2:18 35 0 0 0 0 0 0 0 0 0 coef pide: 0.00 0.12 0.00 0.00 0
35.00 C 0:2:19 35 0 0 0 0 0 0 0 0 0 coef pide: 0.00 0.12 0.00 0.00 0
35.00 C 0:2:20 35 0 0 0 0 0 0 0 0 0 coef pide: 0.00 0.12 0.00 0.00 0
35.00 C 0:2:21 35 0 0 0 0 0 0 0 0 0 coef pide: 0.00 0.12 0.00 0.00 0
35.00 C 0:2:22 35 0 0 0 0 0 0 0 0 0 coef pide: 0.00 0.12 0.00 0.00 0
35.00 C 0:2:23 35 0 0 0 0 0 0 0 0 0 coef pide: 0.00 0.12 0.00 0.00 0
35.00 C 0:2:24 35 0 0 0 0 0 0 0 0 0 coef pide: 0.00 0.12 0.00 0.00 0
35.00 C 0:2:25 35 0 0 0 0 0 0 0 0 0 coef pide: 0.00 0.12 0.00 0.00 0
35.06 C 0:2:26 coef pide: -0.00 0.00 0.00 -0.06 0
35.00 C 0:2:27 35 0 0 0 0 0 0 0 0 0 coef pide: 0.00 0.12 0.00 0.00 0
35.06 C 0:2:28 coef pide: -0.00 0.00 0.00 -0.06 0
35.00 C 0:2:29 35 0 0 0 0 0 0 0 0 0 coef pide: 0.00 0.12 0.00 0.00 0
35.00 C 0:2:30 35 0 0 0 0 0 0 0 0 0 coef pide: 0.00 0.12 0.00 0.00 0
35.00 C 0:2:31 35 0 0 0 0 0 0 0 0 0 coef pide: 0.00 0.12 0.00 0.00 0
35.00 C 0:2:32 35 0 0 0 0 0 0 0 0 0 coef pide: 0.00 0.12 0.00 0.00 0
35.06 C 0:2:33 coef pide: -0.00 0.00 0.00 -0.06 0
35.00 C 0:2:34 35 0 0 0 0 0 0 0 0 0 coef pide: 0.00 0.12 0.00 0.00 0
35.06 C 0:2:35 coef pide: -0.00 0.00 0.00 -0.06 0
35.00 C 0:2:36 35 0 0 0 0 0 0 0 0 0 coef pide: 0.00 0.12 0.00 0.00 0
35.00 C 0:2:37 35 0 0 0 0 0 0 0 0 0 coef pide: 0.00 0.12 0.00 0.00 0
35.00 C 0:2:38 35 0 0 0 0 0 0 0 0 0 coef pide: 0.00 0.12 0.00 0.00 0
35.00 C 0:2:39 35 0 0 0 0 0 0 0 0 0 coef pide: 0.00 0.12 0.00 0.00 0
35.00 C 0:2:40 35 0 0 0 0 0 0 0 0 0 coef pide: 0.00 0.12 0.00 0.00 0
35.00 C 0:2:41 35 0 0 0 0 0 0 0 0 0 coef pide: 0.00 0.12 0.00 0.00 0
35.06 C 0:2:42 coef pide: -0.00 0.00 0.00 -0.06 0
35.00 C 0:2:43 35 0 0 0 0 0 0 0 0 0 coef pide: 0.00 0.12 0.00 0.00 0
35.00 C 0:2:44 35 0 0 0 0 0 0 0 0 0 coef pide: 0.00 0.12 0.00 0.00 0
35.00 C 0:2:45 35 0 0 0 0 0 0 0 0 0 coef pide: 0.00 0.12 0.00 0.00 0
35.00 C 0:2:46 35 0 0 0 0 0 0 0 0 0 coef pide: 0.00 0.12 0.00 0.00 0
35.00 C 0:2:47 35 0 0 0 0 0 0 0 0 0 coef pide: 0.00 0.12 0.00 0.00 0
35.00 C 0:2:48 35 0 0 0 0 0 0 0 0 0 coef pide: 0.00 0.12 0.00 0.00 0
35.00 C 0:2:49 35 0 0 0 0 0 0 0 0 0 coef pide: 0.00 0.12 0.00 0.00 0
35.06 C 0:2:50 coef pide: -0.00 0.00 0.00 -0.06 0
35.00 C 0:2:51 35 0 0 0 0 0 0 0 0 0 coef pide: 0.00 0.12 0.00 0.00 0
35.00 C 0:2:52 35 0 0 0 0 0 0 0 0 0 coef pide: 0.00 0.12 0.00 0.00 0
35.00 C 0:2:53 35 0 0 0 0 0 0 0 0 0 coef pide: 0.00 0.12 0.00 0.00 0
35.00 C 0:2:54 35 0 0 0 0 0 0 0 0 0 coef pide: 0.00 0.12 0.00 0.00 0
35.00 C 0:2:55 35 0 0 0 0 0 0 0 0 0 coef pide: 0.00 0.12 0.00 0.00 0
35.00 C 0:2:56 35 0 0 0 0 0 0 0 0 0 coef pide: 0.00 0.12 0.00 0.00 0
35.00 C 0:2:57 35 0 0 0 0 0 0 0 0 0 coef pide: 0.00 0.12 0.00 0.00 0
35.00 C 0:2:58 35 0 0 0 0 0 0 0 0 0 coef pide: 0.00 0.12 0.00 0.00 0
35.00 C 0:2:59 35 0 0 0 0 0 0 0 0 0 coef pide: 0.00 0.12 0.00 0.00 0
35.00 C 0:3:0 35 0 0 0 0 0 0 0 0 0 coef pide: 0.00 0.12 0.00 0.00 0
35.00 C 0:3:1 35 0 0 0 0 0 0 0 0 0 coef pide: 0.00 0.12 0.00 0.00 0
35.00 C 0:3:2 35 0 0 0 0 0 0 0 0 0 coef pide: 0.00 0.12 0.00 0.00 0
35.00 C 0:3:3 35 0 0 0 0 0 0 0 0 0 coef pide: 0.00 0.12 0.00 0.00 0
35.00 C 0:3:4 35 0 0 0 0 0 0 0 0 0 coef pide: 0.00 0.12 0.00 0.00 0
35.00 C 0:3:5 35 0 0 0 0 0 0 0 0 0 coef pide: 0.00 0.12 0.00 0.00 0
35.00 C 0:3:6 35 0 0 0 0 0 0 0 0 0 coef pide: 0.00 0.12 0.00 0.00 0
35.00 C 0:3:7 35 0 0 0 0 0 0 0 0 0 coef pide: 0.00 0.12 0.00 0.00 0
35.00 C 0:3:8 35 0 0 0 0 0 0 0 0 0 coef pide: 0.00 0.12 0.00 0.00 0
35.00 C 0:3:9 35 0 0 0 0 0 0 0 0 0 coef pide: 0.00 0.12 0.00 0.00 0
35.00 C 0:3:10 35 0 0 0 0 0 0 0 0 0 coef pide: 0.00 0.12 0.00 0.00 0
35.00 C 0:3:11 35 0 0 0 0 0 0 0 0 0 coef pide: 0.00 0.12 0.00 0.00 0
35.00 C 0:3:12 35 0 0 0 0 0 0 0 0 0 coef pide: 0.00 0.12 0.00 0.00 0
35.00 C 0:3:13 35 0 0 0 0 0 0 0 0 0 coef pide: 0.00 0.12 0.00 0.00 0
35.00 C 0:3:14 35 0 0 0 0 0 0 0 0 0 coef pide: 0.00 0.12 0.00 0.00 0
35.00 C 0:3:15 35 0 0 0 0 0 0 0 0 0 coef pide: 0.00 0.12 0.00 0.00 0
35.00 C 0:3:16 35 0 0 0 0 0 0 0 0 0 coef pide: 0.00 0.12 0.00 0.00 0
35.00 C 0:3:17 35 0 0 0 0 0 0 0 0 0 coef pide: 0.00 0.12 0.00 0.00 0
35.00 C 0:3:18 35 0 0 0 0 0 0 0 0 0 coef pide: 0.00 0.12 0.00 0.00 0
35.00 C 0:3:19 35 0 0 0 0 0 0 0 0 0 coef pide: 0.00 0.12 0.00 0.00 0
35.00 C 0:3:20 35 0 0 0 0 0 0 0 0 0 coef pide: 0.00 0.12 0.00 0.00 0
35.00 C 0:3:21 35 0 0 0 0 0 0 0 0 0 coef pide: 0.00 0.12 0.00 0.00 0
35.00 C 0:3:22 35 0 0 0 0 0 0 0 0 0 coef pide: 0.00 0.12 0.00 0.00 0
35.00 C 0:3:23 35 0 0 0 0 0 0 0 0 0 coef pide: 0.00 0.12 0.00 0.00 0
35.00 C 0:3:24 35 0 0 0 0 0 0 0 0 0 coef pide: 0.00 0.12 0.00 0.00 0
35.00 C 0:3:25 35 0 0 0 0 0 0 0 0 0 coef pide: 0.00 0.12 0.00 0.00 0
35.00 C 0:3:26 35 0 0 0 0 0 0 0 0 0 coef pide: 0.00 0.12 0.00 0.00 0
35.00 C 0:3:27 35 0 0 0 0 0 0 0 0 0 coef pide: 0.00 0.12 0.00 0.00 0
35.00 C 0:3:28 35 0 0 0 0 0 0 0 0 0 coef pide: 0.00 0.12 0.00 0.00 0
35.00 C 0:3:29 35 0 0 0 0 0 0 0 0 0 coef pide: 0.00 0.12 0.00 0.00 0
35.00 C 0:3:30 35 0 0 0 0 0 0 0 0 0 coef pide: 0.00 0.12 0.00 0.00 0
35.00 C 0:3:31 35 0 0 0 0 0 0 0 0 0 coef pide: 0.00 0.12 0.00 0.00 0
35.00 C 0:3:32 35 0 0 0 0 0 0 0 0 0 coef pide: 0.00 0.12 0.00 0.00 0
35.00 C 0:3:33 35 0 0 0 0 0 0 0 0 0 coef pide: 0.00 0.12 0.00 0.00 0
35.00 C 0:3:34 35 0 0 0 0 0 0 0 0 0 coef pide: 0.00 0.12 0.00 0.00 0
34.94 C 0:3:35 34 0 0 0 0 0 0 0 0 0 coef pide: 0.00 0.12 0.00 0.06 0
35.00 C 0:3:36 35 0 0 0 0 0 0 0 0 0 coef pide: 0.00 0.12 0.00 0.00 0
34.94 C 0:3:37 34 0 0 0 0 0 0 0 0 0 coef pide: 0.00 0.12 0.00 0.06 0
35.00 C 0:3:38 35 0 0 0 0 0 0 0 0 0 coef pide: 0.00 0.12 0.00 0.00 0
34.94 C 0:3:39 34 0 0 0 0 0 0 0 0 0 coef pide: 0.00 0.12 0.00 0.06 0
35.00 C 0:3:40 35 0 0 0 0 0 0 0 0 0 coef pide: 0.00 0.12 0.00 0.00 0
35.00 C 0:3:41 35 0 0 0 0 0 0 0 0 0 coef pide: 0.00 0.12 0.00 0.00 0
35.00 C 0:3:42 35 0 0 0 0 0 0 0 0 0 coef pide: 0.00 0.12 0.00 0.00 0
35.00 C 0:3:43 35 0 0 0 0 0 0 0 0 0 coef pide: 0.00 0.12 0.00 0.00 0
35.00 C 0:3:44 35 0 0 0 0 0 0 0 0 0 coef pide: 0.00 0.12 0.00 0.00 0
35.00 C 0:3:45 35 0 0 0 0 0 0 0 0 0 coef pide: 0.00 0.12 0.00 0.00 0
34.94 C 0:3:46 34 0 0 0 0 0 0 0 0 0 coef pide: 0.00 0.12 0.00 0.06 0
35.00 C 0:3:47 35 0 0 0 0 0 0 0 0 0 coef pide: 0.00 0.12 0.00 0.00 0
34.94 C 0:3:48 34 0 0 0 0 0 0 0 0 0 coef pide: 0.00 0.12 0.00 0.06 0
35.00 C 0:3:49 35 0 0 0 0 0 0 0 0 0 coef pide: 0.00 0.12 0.00 0.00 0
34.94 C 0:3:50 34 0 0 0 0 0 0 0 0 0 coef pide: 0.00 0.12 0.00 0.06 0
35.00 C 0:3:51 35 0 0 0 0 0 0 0 0 0 coef pide: 0.00 0.12 0.00 0.00 0
35.00 C 0:3:52 35 0 0 0 0 0 0 0 0 0 coef pide: 0.00 0.12 0.00 0.00 0
35.00 C 0:3:53 35 0 0 0 0 0 0 0 0 0 coef pide: 0.00 0.12 0.00 0.00 0
35.00 C 0:3:54 35 0 0 0 0 0 0 0 0 0 coef pide: 0.00 0.12 0.00 0.00 0
35.00 C 0:3:55 35 0 0 0 0 0 0 0 0 0 coef pide: 0.00 0.12 0.00 0.00 0
34.94 C 0:3:56 34 0 0 0 0 0 0 0 0 0 coef pide: 0.00 0.12 0.00 0.06 0
34.94 C 0:3:57 34 0 0 0 0 0 0 0 0 0 coef pide: 0.00 0.12 0.00 0.06 0
35.00 C 0:3:58 35 0 0 0 0 0 0 0 0 0 coef pide: 0.00 0.12 0.00 0.00 0
35.00 C 0:3:59 35 0 0 0 0 0 0 0 0 0 coef pide: 0.00 0.12 0.00 0.00 0
34.94 C 0:4:0 34 0 0 0 0 0 0 0 0 0 coef pide: 0.00 0.12 0.00 0.06 0
35.00 C 0:4:1 35 0 0 0 0 0 0 0 0 0 coef pide: 0.00 0.12 0.00 0.00 0
34.94 C 0:4:2 34 0 0 0 0 0 0 0 0 0 coef pide: 0.00 0.12 0.00 0.06 0
34.94 C 0:4:3 34 0 0 0 0 0 0 0 0 0 coef pide: 0.00 0.12 0.00 0.06 0
35.00 C 0:4:4 35 0 0 0 0 0 0 0 0 0 coef pide: 0.00 0.12 0.00 0.00 0
34.94 C 0:4:5 34 0 0 0 0 0 0 0 0 0 coef pide: 0.00 0.12 0.00 0.06 0
35.00 C 0:4:6 35 0 0 0 0 0 0 0 0 0 coef pide: 0.00 0.12 0.00 0.00 0
35.00 C 0:4:7 35 0 0 0 0 0 0 0 0 0 coef pide: 0.00 0.12 0.00 0.00 0
34.94 C 0:4:8 34 0 0 0 0 0 0 0 0 0 coef pide: 0.00 0.12 0.00 0.06 0
34.94 C 0:4:9 34 0 0 0 0 0 0 0 0 0 coef pide: 0.00 0.12 0.00 0.06 0
34.94 C 0:4:10 34 0 0 0 0 0 0 0 0 0 coef pide: 0.00 0.12 0.00 0.06 0
34.94 C 0:4:11 34 0 0 0 0 0 0 0 0 0 coef pide: 0.00 0.12 0.00 0.06 0
34.94 C 0:4:12 34 0 0 0 0 0 0 0 0 0 coef pide: 0.00 0.12 0.00 0.06 0
34.94 C 0:4:13 34 0 0 0 0 0 0 0 0 0 coef pide: 0.00 0.12 0.00 0.06 0
34.94 C 0:4:14 34 0 0 0 0 0 0 0 0 0 coef pide: 0.00 0.12 0.00 0.06 0
34.94 C 0:4:15 34 0 0 0 0 0 0 0 0 0 coef pide: 0.00 0.12 0.00 0.06 0
34.94 C 0:4:16 34 0 0 0 0 0 0 0 0 0 coef pide: 0.00 0.12 0.00 0.06 0
34.94 C 0:4:17 34 0 0 0 0 0 0 0 0 0 coef pide: 0.00 0.12 0.00 0.06 0
34.94 C 0:4:18 34 0 0 0 0 0 0 0 0 0 coef pide: 0.00 0.12 0.00 0.06 0
34.94 C 0:4:19 34 0 0 0 0 0 0 0 0 0 coef pide: 0.00 0.12 0.00 0.06 0
34.94 C 0:4:20 34 0 0 0 0 0 0 0 0 0 coef pide: 0.00 0.12 0.00 0.06 0
34.94 C 0:4:21 34 0 0 0 0 0 0 0 0 0 coef pide: 0.00 0.12 0.00 0.06 0
34.94 C 0:4:22 34 0 0 0 0 0 0 0 0 0 coef pide: 0.00 0.12 0.00 0.06 0
34.94 C 0:4:23 34 0 0 0 0 0 0 0 0 0 coef pide: 0.00 0.12 0.00 0.06 0
34.94 C 0:4:24 34 0 0 0 0 0 0 0 0 0 coef pide: 0.00 0.12 0.00 0.06 0
34.94 C 0:4:25 34 0 0 0 0 0 0 0 0 0 coef pide: 0.00 0.12 0.00 0.06 0
34.94 C 0:4:26 34 0 0 0 0 0 0 0 0 0 coef pide: 0.00 0.12 0.00 0.06 0
34.94 C 0:4:27 34 0 0 0 0 0 0 0 0 0 coef pide: 0.00 0.12 0.00 0.06 0
34.94 C 0:4:28 34 0 0 0 0 0 0 0 0 0 coef pide: 0.00 0.12 0.00 0.06 0
34.94 C 0:4:29 34 0 0 0 0 0 0 0 0 0 coef pide: 0.00 0.12 0.00 0.06 0
34.94 C 0:4:30 34 0 0 0 0 0 0 0 0 0 coef pide: 0.00 0.12 0.00 0.06 0
34.88 C 0:4:31 34 0 0 0 0 0 0 0 0 0 coef pide: 0.01 0.12 0.00 0.12 0
3