=~=~=~=~=~=~=~=~=~=~=~= PuTTY log 2023.04.18 21:28:08 =~=~=~=~=~=~=~=~=~=~=~=
34.63 C 0:0:1 0.37 0.00 0.00 0.00 0.00 0.00 0.00 0.00 0.00 0.00 coef pide: 0.02 0.00 0.00 0.37 0
p
 pid on34.56 C 0:0:2 0.37 0.44 0.00 0.00 0.00 0.00 0.00 0.00 0.00 0.00 coef pide: 0.03 0.00 0.00 0.44 1
34.56 C 0:0:3 0.37 0.44 0.44 0.00 0.00 0.00 0.00 0.00 0.00 0.00 coef pide: 0.03 0.00 0.00 0.44 1
34.56 C 0:0:4 0.37 0.44 0.44 0.44 0.00 0.00 0.00 0.00 0.00 0.00 coef pide: 0.03 0.01 0.00 0.44 1
34.56 C 0:0:5 0.37 0.44 0.44 0.44 0.44 0.00 0.00 0.00 0.00 0.00 coef pide: 0.03 0.01 0.00 0.44 1
34.56 C 0:0:6 0.37 0.44 0.44 0.44 0.44 0.44 0.00 0.00 0.00 0.00 coef pide: 0.03 0.01 0.00 0.44 1
34.56 C 0:0:7 0.37 0.44 0.44 0.44 0.44 0.44 0.44 0.00 0.00 0.00 coef pide: 0.03 0.01 0.00 0.44 1
34.56 C 0:0:8 0.37 0.44 0.44 0.44 0.44 0.44 0.44 0.44 0.00 0.00 coef pide: 0.03 0.01 0.00 0.44 1
34.56 C 0:0:9 0.37 0.44 0.44 0.44 0.44 0.44 0.44 0.44 0.44 0.00 coef pide: 0.03 0.01 0.00 0.44 1
34.56 C 0:0:10 0.37 0.44 0.44 0.44 0.44 0.44 0.44 0.44 0.44 0.44 coef pide: 0.03 0.02 0.00 0.44 2
34.56 C 0:0:11 0.44 0.44 0.44 0.44 0.44 0.44 0.44 0.44 0.44 0.44 coef pide: 0.03 0.02 0.00 0.44 2
34.56 C 0:0:12 0.44 0.44 0.44 0.44 0.44 0.44 0.44 0.44 0.44 0.44 coef pide: 0.03 0.02 0.00 0.44 2
34.56 C 0:0:13 0.44 0.44 0.44 0.44 0.44 0.44 0.44 0.44 0.44 0.44 coef pide: 0.03 0.02 0.00 0.44 2
34.56 C 0:0:14 0.44 0.44 0.44 0.44 0.44 0.44 0.44 0.44 0.44 0.44 coef pide: 0.03 0.02 0.00 0.44 2
34.56 C 0:0:15 0.44 0.44 0.44 0.44 0.44 0.44 0.44 0.44 0.44 0.44 coef pide: 0.03 0.02 0.00 0.44 2
34.56 C 0:0:16 0.44 0.44 0.44 0.44 0.44 0.44 0.44 0.44 0.44 0.44 coef pide: 0.03 0.02 0.00 0.44 2
34.56 C 0:0:17 0.44 0.44 0.44 0.44 0.44 0.44 0.44 0.44 0.44 0.44 coef pide: 0.03 0.02 0.00 0.44 2
34.56 C 0:0:18 0.44 0.44 0.44 0.44 0.44 0.44 0.44 0.44 0.44 0.44 coef pide: 0.03 0.02 0.00 0.44 2
34.56 C 0:0:19 0.44 0.44 0.44 0.44 0.44 0.44 0.44 0.44 0.44 0.44 coef pide: 0.03 0.02 0.00 0.44 2
34.56 C 0:0:20 0.44 0.44 0.44 0.44 0.44 0.44 0.44 0.44 0.44 0.44 coef pide: 0.03 0.02 0.00 0.44 2
34.56 C 0:0:21 0.44 0.44 0.44 0.44 0.44 0.44 0.44 0.44 0.44 0.44 coef pide: 0.03 0.02 0.00 0.44 2
34.56 C 0:0:22 0.44 0.44 0.44 0.44 0.44 0.44 0.44 0.44 0.44 0.44 coef pide: 0.03 0.02 0.00 0.44 2
34.56 C 0:0:23 0.44 0.44 0.44 0.44 0.44 0.44 0.44 0.44 0.44 0.44 coef pide: 0.03 0.02 0.00 0.44 2
34.56 C 0:0:24 0.44 0.44 0.44 0.44 0.44 0.44 0.44 0.44 0.44 0.44 coef pide: 0.03 0.02 0.00 0.44 2
34.50 C 0:0:25 0.44 0.44 0.50 0.44 0.44 0.44 0.44 0.44 0.44 0.44 coef pide: 0.03 0.02 0.00 0.50 2
34.56 C 0:0:26 0.44 0.44 0.50 0.44 0.44 0.44 0.44 0.44 0.44 0.44 coef pide: 0.03 0.02 0.00 0.44 2
34.50 C 0:0:27 0.44 0.44 0.50 0.44 0.50 0.44 0.44 0.44 0.44 0.44 coef pide: 0.03 0.02 0.00 0.50 2
34.56 C 0:0:28 0.44 0.44 0.50 0.44 0.50 0.44 0.44 0.44 0.44 0.44 coef pide: 0.03 0.02 0.00 0.44 2
34.50 C 0:0:29 0.44 0.44 0.50 0.44 0.50 0.44 0.50 0.44 0.44 0.44 coef pide: 0.03 0.02 0.00 0.50 2
34.56 C 0:0:30 0.44 0.44 0.50 0.44 0.50 0.44 0.50 0.44 0.44 0.44 coef pide: 0.03 0.02 0.00 0.44 2
34.50 C 0:0:31 0.44 0.44 0.50 0.44 0.50 0.44 0.50 0.44 0.50 0.44 coef pide: 0.03 0.02 0.00 0.50 2
34.56 C 0:0:32 0.44 0.44 0.50 0.44 0.50 0.44 0.50 0.44 0.50 0.44 coef pide: 0.03 0.02 0.00 0.44 2
34.50 C 0:0:33 0.50 0.44 0.50 0.44 0.50 0.44 0.50 0.44 0.50 0.44 coef pide: 0.03 0.02 0.00 0.50 2
34.50 C 0:0:34 0.50 0.44 0.50 0.44 0.50 0.44 0.50 0.44 0.50 0.44 coef pide: 0.03 0.02 0.00 0.50 2
34.56 C 0:0:35 0.50 0.44 0.50 0.44 0.50 0.44 0.50 0.44 0.50 0.44 coef pide: 0.03 0.02 0.00 0.44 2
34.50 C 0:0:36 0.50 0.44 0.50 0.44 0.50 0.44 0.50 0.44 0.50 0.44 coef pide: 0.03 0.02 0.00 0.50 2
34.50 C 0:0:37 0.50 0.44 0.50 0.50 0.50 0.44 0.50 0.44 0.50 0.44 coef pide: 0.03 0.02 0.00 0.50 2
34.50 C 0:0:38 0.50 0.44 0.50 0.50 0.50 0.44 0.50 0.44 0.50 0.44 coef pide: 0.03 0.02 0.00 0.50 2
34.50 C 0:0:39 0.50 0.44 0.50 0.50 0.50 0.50 0.50 0.44 0.50 0.44 coef pide: 0.03 0.02 0.00 0.50 2
34.50 C 0:0:40 0.50 0.44 0.50 0.50 0.50 0.50 0.50 0.44 0.50 0.44 coef pide: 0.03 0.02 0.00 0.50 2
34.50 C 0:0:41 0.50 0.44 0.50 0.50 0.50 0.50 0.50 0.50 0.50 0.44 coef pide: 0.03 0.02 0.00 0.50 2
34.50 C 0:0:42 0.50 0.44 0.50 0.50 0.50 0.50 0.50 0.50 0.50 0.44 coef pide: 0.03 0.02 0.00 0.50 2
34.50 C 0:0:43 0.50 0.44 0.50 0.50 0.50 0.50 0.50 0.50 0.50 0.50 coef pide: 0.03 0.02 0.00 0.50 2
3